-4.094956219196319580e-01 -1.090599656105041504e+00
-3.290816843509674072e-01 -1.271481990814208984e+00
-5.212832093238830566e-01 -9.008067250251770020e-01
-5.623233914375305176e-01 -8.436989784240722656e-01
-5.481353998184204102e-01 -8.628129959106445312e-01
-3.290826862212270498e-04 -8.019219398498535156e+00
-5.068647116422653198e-02 -3.007333278656005859e+00
-2.731062173843383789e-01 -1.431341648101806641e+00
-3.208464980125427246e-01 -1.292930126190185547e+00
-6.268342733383178711e-01 -7.641717791557312012e-01
-4.115130305290222168e-01 -1.086625099182128906e+00
-4.752284884452819824e-01 -9.721813797950744629e-01
-3.611167967319488525e-01 -1.193684697151184082e+00
-5.219188928604125977e-01 -8.998783230781555176e-01
-4.876222312450408936e-01 -9.521377086639404297e-01
-3.260108828544616699e-01 -1.279405355453491211e+00
-4.639816582202911377e-01 -9.909472465515136719e-01
-4.876827001571655273e-01 -9.520414471626281738e-01
-5.417918562889099121e-01 -8.715682625770568848e-01
-3.963348865509033203e-01 -1.117126703262329102e+00
-1.037115453073056415e-05 -1.147579097747802734e+01
-1.789979934692382812e-01 -1.808544874191284180e+00
-3.549457192420959473e-01 -1.208019256591796875e+00
-6.371934413909912109e-01 -7.524182796478271484e-01
-4.436342120170593262e-01 -1.026385068893432617e+00
-4.074273407459259033e-01 -1.094699382781982422e+00
-3.468190133571624756e-01 -1.227354884147644043e+00
-4.202921986579895020e-01 -1.069601535797119141e+00
-3.130809664726257324e-01 -1.313753128051757812e+00
-4.505049586296081543e-01 -1.014196395874023438e+00
-2.088142782449722290e-01 -1.668901324272155762e+00
-5.628181099891662598e-01 -8.430440425872802734e-01
-3.615509271621704102e-01 -1.192687034606933594e+00
-5.598475337028503418e-01 -8.469889163970947266e-01
-4.479876160621643066e-01 -1.018635153770446777e+00
-4.099696278572082520e-01 -1.089663505554199219e+00
-3.307183980941772461e-01 -1.267294168472290039e+00
-4.939751327037811279e-01 -9.421111345291137695e-01
-4.108969867229461670e-01 -1.087836146354675293e+00
-5.260280370712280273e-01 -8.939118981361389160e-01
-3.741013407707214355e-01 -1.164454698562622070e+00
-2.365112006664276123e-01 -1.557685852050781250e+00
-4.961416125297546387e-01 -9.387291669845581055e-01
-4.101670980453491211e-01 -1.089274168014526367e+00
-5.947150588035583496e-01 -8.023366332054138184e-01
-3.256056308746337891e-01 -1.280457496643066406e+00
-4.470896124839782715e-01 -1.020226120948791504e+00
-3.534400165081024170e-01 -1.211561918258666992e+00
-4.585120975971221924e-01 -1.000280261039733887e+00
-4.420801997184753418e-01 -1.029174089431762695e+00
-3.756516575813293457e-01 -1.161046028137207031e+00
-4.418741464614868164e-01 -1.029544830322265625e+00
-5.739604234695434570e-01 -8.284863233566284180e-01
-2.590719461441040039e-01 -1.477390646934509277e+00
-2.048635929822921753e-01 -1.686094760894775391e+00
-3.934462666511535645e-01 -1.123092174530029297e+00
-4.529992341995239258e-01 -1.009828805923461914e+00
-4.534584283828735352e-01 -1.009027719497680664e+00
-3.849658966064453125e-01 -1.140915989875793457e+00
-2.983711361885070801e-01 -1.354896068572998047e+00
-4.991177618503570557e-01 -9.341136217117309570e-01
-3.575474321842193604e-01 -1.201940059661865234e+00
-5.410905480384826660e-01 -8.725444078445434570e-01
-4.296212196350097656e-01 -1.051983118057250977e+00
-6.052957177162170410e-01 -7.894665002822875977e-01
-3.742624521255493164e-01 -1.164099693298339844e+00
-4.274914860725402832e-01 -1.055963754653930664e+00
-1.542584449052810669e-01 -1.945263862609863281e+00
-3.849490284919738770e-01 -1.140952229499816895e+00
-5.957558751106262207e-01 -8.010571599006652832e-01
-4.162646532058715820e-01 -1.077357053756713867e+00
-3.697596788406372070e-01 -1.174091577529907227e+00
-2.297914028167724609e-01 -1.583280086517333984e+00
-6.091552376747131348e-01 -7.848460078239440918e-01
-4.637928903102874756e-01 -9.912669658660888672e-01
-3.968247175216674805e-01 -1.116120338439941406e+00
-5.471351742744445801e-01 -8.641847968101501465e-01
-6.119004487991333008e-01 -7.815833091735839844e-01
-9.078335016965866089e-02 -2.444328308105468750e+00
-5.169541835784912109e-01 -9.071677923202514648e-01
-4.039551019668579102e-01 -1.101639151573181152e+00
-4.616404473781585693e-01 -9.949253797531127930e-01
-3.550682365894317627e-01 -1.207731723785400391e+00
-4.110229015350341797e-01 -1.087588548660278320e+00
-3.488171398639678955e-01 -1.222551465034484863e+00
-4.739629328250885010e-01 -9.742649793624877930e-01
-3.970360755920410156e-01 -1.115686535835266113e+00
-6.200532913208007812e-01 -7.720080018043518066e-01
-3.397165238857269287e-01 -1.244698166847229004e+00
-3.030183315277099609e-01 -1.341648340225219727e+00
-3.692431449890136719e-01 -1.175247192382812500e+00
-3.516639173030853271e-01 -1.215763926506042480e+00
-2.725307047367095947e-01 -1.433176398277282715e+00
-3.467713892459869385e-01 -1.227469682693481445e+00
-2.289543449878692627e-01 -1.586526632308959961e+00
-3.975059390068054199e-01 -1.114723205566406250e+00
-5.156834125518798828e-01 -9.090480804443359375e-01
-5.937226414680480957e-01 -8.035594820976257324e-01
-6.067948341369628906e-01 -7.876671552658081055e-01
-4.305438697338104248e-01 -1.050266146659851074e+00
-4.149746894836425781e-01 -1.079860210418701172e+00
-3.133642077445983887e-01 -1.312982916831970215e+00
-4.566185176372528076e-01 -1.003543853759765625e+00
-3.628214001655578613e-01 -1.189776420593261719e+00
-4.101968407630920410e-01 -1.089215636253356934e+00
-2.246569395065307617e-01 -1.603407025337219238e+00
-5.426569581031799316e-01 -8.703665137290954590e-01
-2.756376266479492188e-01 -1.423323392868041992e+00
-5.593466162681579590e-01 -8.476569056510925293e-01
-3.176224827766418457e-01 -1.301503062248229980e+00
-2.699046134948730469e-01 -1.441605329513549805e+00
-4.568189084529876709e-01 -1.003197550773620605e+00
-4.121828973293304443e-01 -1.085310697555541992e+00
-3.809961676597595215e-01 -1.149423122406005859e+00
-4.061440527439117432e-01 -1.097255825996398926e+00
-4.747887849807739258e-01 -9.729045629501342773e-01
-4.876416921615600586e-01 -9.521067142486572266e-01
-3.307736515998840332e-01 -1.267153024673461914e+00
-4.328870177268981934e-01 -1.045926094055175781e+00
-3.897162675857543945e-01 -1.130874156951904297e+00
-4.727292954921722412e-01 -9.763029813766479492e-01
-3.821591436862945557e-01 -1.146919965744018555e+00
-3.163796663284301758e-01 -1.304835081100463867e+00
-5.010309219360351562e-01 -9.311651587486267090e-01
-4.702487289905548096e-01 -9.804208278656005859e-01
-4.050813317298889160e-01 -1.099380135536193848e+00
-5.495406985282897949e-01 -8.608911037445068359e-01
-4.201608002185821533e-01 -1.069853305816650391e+00
-4.925096333026885986e-01 -9.444096088409423828e-01
-5.084612369537353516e-01 -9.198477864265441895e-01
-6.014185547828674316e-01 -7.941475510597229004e-01
-4.912232458591461182e-01 -9.464341402053833008e-01
-4.297114312648773193e-01 -1.051815032958984375e+00
-5.415143370628356934e-01 -8.719544410705566406e-01
-3.759017586708068848e-01 -1.160497665405273438e+00
-3.009406626224517822e-01 -1.347541689872741699e+00
-5.277281999588012695e-01 -8.914607763290405273e-01
-6.315935254096984863e-01 -7.587397098541259766e-01
-3.895148932933807373e-01 -1.131296992301940918e+00
-2.407310903072357178e-01 -1.542026877403259277e+00
-4.409875869750976562e-01 -1.031142473220825195e+00
-3.930189907550811768e-01 -1.123979091644287109e+00
-3.729051351547241211e-01 -1.167096376419067383e+00
-4.624922275543212891e-01 -9.934749603271484375e-01
-3.782191574573516846e-01 -1.155437707901000977e+00
-3.569414615631103516e-01 -1.203351259231567383e+00
-5.575172901153564453e-01 -8.501027822494506836e-01
-3.656495511531829834e-01 -1.183340072631835938e+00
-2.962343990802764893e-01 -1.361067771911621094e+00
-4.422662854194641113e-01 -1.028839588165283203e+00
-4.994058012962341309e-01 -9.336687326431274414e-01
-3.196908235549926758e-01 -1.295991420745849609e+00
-4.654787480831146240e-01 -9.884165525436401367e-01
-4.759919643402099609e-01 -9.709278345108032227e-01
-2.880185842514038086e-01 -1.385285496711730957e+00
-4.723655283451080322e-01 -9.769051074981689453e-01
-5.243907570838928223e-01 -8.962817788124084473e-01
-4.098118841648101807e-01 -1.089975118637084961e+00
-1.880798786878585815e-01 -1.763454675674438477e+00
-1.818819195032119751e-01 -1.793960809707641602e+00
-3.928149044513702393e-01 -1.124403119087219238e+00
-4.919408857822418213e-01 -9.453037977218627930e-01
-4.013454318046569824e-01 -1.106902956962585449e+00
-3.673500120639801025e-01 -1.179498910903930664e+00
-4.416168034076690674e-01 -1.030008316040039062e+00
-2.100066989660263062e-01 -1.663782358169555664e+00
-3.141583502292633057e-01 -1.310828208923339844e+00
-5.394398570060729980e-01 -8.748483061790466309e-01
-5.020496845245361328e-01 -9.296005964279174805e-01
-4.235178530216217041e-01 -1.063455939292907715e+00
-4.463550746440887451e-01 -1.021530389785766602e+00
-5.058048963546752930e-01 -9.238694906234741211e-01
-4.820898771286010742e-01 -9.610046148300170898e-01
-5.838976502418518066e-01 -8.158127665519714355e-01
-4.841227829456329346e-01 -9.577314853668212891e-01
-5.480414032936096191e-01 -8.629417419433593750e-01
-3.265115320682525635e-01 -1.278107523918151855e+00
-6.135886907577514648e-01 -7.795865535736083984e-01
-5.451522469520568848e-01 -8.669139742851257324e-01
-5.319893360137939453e-01 -8.853619694709777832e-01
-5.434421896934509277e-01 -8.692777752876281738e-01
-5.324865579605102539e-01 -8.846544027328491211e-01
-2.718509733676910400e-01 -1.435349345207214355e+00
-3.482456505298614502e-01 -1.223921895027160645e+00
-2.610217630863189697e-01 -1.470825314521789551e+00
-2.583793997764587402e-01 -1.479736089706420898e+00
-2.452559620141983032e-01 -1.525575876235961914e+00
-4.358493685722351074e-01 -1.040480375289916992e+00
-2.608426809310913086e-01 -1.471425652503967285e+00
-4.155350923538208008e-01 -1.078771352767944336e+00
-3.261612951755523682e-01 -1.279015421867370605e+00
-4.411531090736389160e-01 -1.030843973159790039e+00
-5.135520100593566895e-01 -9.122149944305419922e-01
-2.992502748966217041e-01 -1.352371692657470703e+00
-4.084137976169586182e-01 -1.092740774154663086e+00
-4.520435817539691925e-03 -5.401415348052978516e+00
-5.669040083885192871e-01 -8.376621007919311523e-01
-3.322626054286956787e-01 -1.263365268707275391e+00
-2.180611193180084229e-01 -1.630029797554016113e+00
-4.501827061176300049e-01 -1.014763116836547852e+00
-3.627144992351531982e-01 -1.190020680427551270e+00
-4.515866041183471680e-01 -1.012298583984375000e+00
-3.321927487850189209e-01 -1.263542413711547852e+00
-2.572018206119537354e-01 -1.483740448951721191e+00
-2.809592187404632568e-01 -1.406738400459289551e+00
-2.291708886623382568e-01 -1.585685610771179199e+00
-5.889741182327270508e-01 -8.094478845596313477e-01
-1.840530037879943848e-01 -1.783147096633911133e+00
-5.399225354194641113e-01 -8.741737604141235352e-01
-5.336068272590637207e-01 -8.830634951591491699e-01
-5.185685753822326660e-01 -9.047874808311462402e-01
-5.061845183372497559e-01 -9.232929944992065430e-01
-4.488570392131805420e-01 -1.017098665237426758e+00
-3.778457939624786377e-01 -1.156250476837158203e+00
-3.588364124298095703e-01 -1.198947429656982422e+00
-4.567831158638000488e-01 -1.003259420394897461e+00
-5.346226096153259277e-01 -8.816244602203369141e-01
-5.947047472000122070e-01 -8.023494482040405273e-01
-3.598953187465667725e-01 -1.196498632431030273e+00
-4.700014889240264893e-01 -9.808329343795776367e-01
-4.135179221630096436e-01 -1.082698702812194824e+00
-2.971621751785278320e-01 -1.358381628990173340e+00
-3.675925433635711670e-01 -1.178952693939208984e+00
-4.231618940830230713e-01 -1.064131498336791992e+00
-3.040527999401092529e-01 -1.338731288909912109e+00
-3.076478242874145508e-01 -1.328683018684387207e+00
-4.992720484733581543e-01 -9.338754415512084961e-01
-4.352935254573822021e-01 -1.041498780250549316e+00
-2.943106293678283691e-01 -1.366668462753295898e+00
-4.890155792236328125e-01 -9.499245285987854004e-01
-3.048834502696990967e-01 -1.336397409439086914e+00
-3.428472578525543213e-01 -1.237000942230224609e+00
-2.388418167829513550e-01 -1.548998951911926270e+00
-3.620315492153167725e-01 -1.191584706306457520e+00
-5.144646763801574707e-01 -9.108569025993347168e-01
-5.926812887191772461e-01 -8.048453927040100098e-01
-2.952900528907775879e-01 -1.363811492919921875e+00
-5.466999411582946777e-01 -8.647825121879577637e-01
-2.940205931663513184e-01 -1.367516517639160156e+00
-3.399195075035095215e-01 -1.244196414947509766e+00
-5.350055694580078125e-01 -8.810830116271972656e-01
-7.703988999128341675e-02 -2.601704359054565430e+00
-4.577006101608276367e-01 -1.001676559448242188e+00
-3.785174489021301270e-01 -1.154788970947265625e+00
-3.429811894893646240e-01 -1.236673474311828613e+00
-4.168228507041931152e-01 -1.076276659965515137e+00
-5.287287831306457520e-01 -8.900229334831237793e-01
-4.604105353355407715e-01 -9.970251917839050293e-01
-3.567713499069213867e-01 -1.203747987747192383e+00
-2.754888534545898438e-01 -1.423792243003845215e+00
-3.118716180324554443e-01 -1.317050099372863770e+00
-3.436479270458221436e-01 -1.235045909881591797e+00
-5.604957342147827148e-01 -8.461258411407470703e-01
-2.904139459133148193e-01 -1.378143310546875000e+00
-4.981077015399932861e-01 -9.356762170791625977e-01
-6.068215370178222656e-01 -7.876350879669189453e-01
-3.466676473617553711e-01 -1.227720260620117188e+00
-5.565403699874877930e-01 -8.514131903648376465e-01
-2.644363343715667725e-01 -1.459460973739624023e+00
-3.898849189281463623e-01 -1.130520343780517578e+00
-2.061194181442260742e-01 -1.680589556694030762e+00
-6.021099090576171875e-01 -7.933099865913391113e-01
-5.164312720298767090e-01 -9.079408049583435059e-01
-3.780430853366851807e-01 -1.155820965766906738e+00
-2.626582682132720947e-01 -1.465357661247253418e+00
-4.163470268249511719e-01 -1.077197551727294922e+00
-4.956675469875335693e-01 -9.394676685333251953e-01
-1.990297734737396240e-01 -1.712165713310241699e+00
-3.791745603084564209e-01 -1.153362512588500977e+00
-2.331378310918807983e-01 -1.570430755615234375e+00
-4.247899949550628662e-01 -1.061048150062561035e+00
-3.167281746864318848e-01 -1.303899288177490234e+00
-3.361804485321044922e-01 -1.253492832183837891e+00
-4.354837238788604736e-01 -1.041150093078613281e+00
-4.300611317157745361e-01 -1.051164031028747559e+00
-4.132996201515197754e-01 -1.083124876022338867e+00
-4.543199241161346436e-01 -1.007528185844421387e+00
-2.919652462005615234e-01 -1.373553991317749023e+00
-3.420273363590240479e-01 -1.239008665084838867e+00
-3.442366719245910645e-01 -1.233611583709716797e+00
-3.607550859451293945e-01 -1.194516658782958984e+00
-2.442911565303802490e-01 -1.529054760932922363e+00
-5.097724199295043945e-01 -9.178727865219116211e-01
-4.212886691093444824e-01 -1.067697048187255859e+00
-5.020499825477600098e-01 -9.296001791954040527e-01
-3.561940193176269531e-01 -1.205095767974853516e+00
-3.057772517204284668e-01 -1.333894252777099609e+00
-4.498511552810668945e-01 -1.015346407890319824e+00
-4.549874067306518555e-01 -1.006368398666381836e+00
-4.214648902416229248e-01 -1.067360758781433105e+00
-4.548217356204986572e-01 -1.006656050682067871e+00
-5.491338372230529785e-01 -8.614470362663269043e-01
-3.586746752262115479e-01 -1.199322223663330078e+00
-9.172131121158599854e-02 -2.434510707855224609e+00
-5.721579790115356445e-01 -8.308157920837402344e-01
-6.097764372825622559e-01 -7.841061949729919434e-01
-5.279638171195983887e-01 -8.911217451095581055e-01
-3.858523666858673096e-01 -1.139030933380126953e+00
-2.279921770095825195e-01 -1.590275168418884277e+00
-4.228970706462860107e-01 -1.064634323120117188e+00
-3.509778976440429688e-01 -1.217393636703491211e+00
-3.417345583438873291e-01 -1.239727139472961426e+00
-4.600364565849304199e-01 -9.976651072502136230e-01
-3.722335696220397949e-01 -1.168584108352661133e+00
-4.255118668079376221e-01 -1.059685468673706055e+00
-5.052049756050109863e-01 -9.247815012931823730e-01
-3.545034229755401611e-01 -1.209058165550231934e+00
-4.596596658229827881e-01 -9.983106851577758789e-01
-3.935578763484954834e-01 -1.122860670089721680e+00
-2.079464942216873169e-01 -1.672646760940551758e+00
-5.086067318916320801e-01 -9.196283817291259766e-01
-4.901432693004608154e-01 -9.481390714645385742e-01
-2.088544219732284546e-01 -1.668728351593017578e+00
-3.837794661521911621e-01 -1.143447399139404297e+00
-4.390091598033905029e-01 -1.034721970558166504e+00
-5.129913091659545898e-01 -9.130508899688720703e-01
-8.542587608098983765e-02 -2.502515316009521484e+00
-3.273125886917114258e-01 -1.276036024093627930e+00
-4.721015393733978271e-01 -9.773424863815307617e-01
-4.382565021514892578e-01 -1.036089062690734863e+00
-5.004695653915405273e-01 -9.320288300514221191e-01
-5.029100179672241211e-01 -9.282829761505126953e-01
-2.521430552005767822e-01 -1.501182436943054199e+00
-5.341373085975646973e-01 -8.823114633560180664e-01
-3.632664084434509277e-01 -1.188759565353393555e+00
-4.225893318653106689e-01 -1.065219283103942871e+00
-5.070565938949584961e-01 -9.219709038734436035e-01
-4.222800731658935547e-01 -1.065807700157165527e+00
-2.863401770591735840e-01 -1.390330791473388672e+00
-3.202081620693206787e-01 -1.294619679450988770e+00
-5.677289962768554688e-01 -8.365816473960876465e-01
-4.177444279193878174e-01 -1.074496984481811523e+00
-4.995400011539459229e-01 -9.334616661071777344e-01
-5.379769206047058105e-01 -8.768979907035827637e-01
-4.231717884540557861e-01 -1.064112663269042969e+00
-5.457252860069274902e-01 -8.661239147186279297e-01
-5.187485814094543457e-01 -9.045228958129882812e-01
-3.466592133045196533e-01 -1.227740406990051270e+00
-3.769895434379577637e-01 -1.158118009567260742e+00
-5.789951086044311523e-01 -8.220294117927551270e-01
-5.171154141426086426e-01 -9.069296121597290039e-01
-4.663966596126556396e-01 -9.868698120117187500e-01
-4.857655763626098633e-01 -9.550991058349609375e-01
-5.237722992897033691e-01 -8.971796035766601562e-01
-4.546388983726501465e-01 -1.006973743438720703e+00
-4.931833744049072266e-01 -9.433518052101135254e-01
-4.154658615589141846e-01 -1.078905701637268066e+00
-3.178237676620483398e-01 -1.300964832305908203e+00
-1.550823897123336792e-01 -1.940337777137756348e+00
-1.643475890159606934e-01 -1.886820077896118164e+00
-4.465141296386718750e-01 -1.021247625350952148e+00
-4.511964619159698486e-01 -1.012982487678527832e+00
-4.602039456367492676e-01 -9.973785877227783203e-01
-4.530835747718811035e-01 -1.009681463241577148e+00
-4.977648556232452393e-01 -9.362074136734008789e-01
-4.671852290630340576e-01 -9.855443239212036133e-01
-5.238482356071472168e-01 -8.970693945884704590e-01
-2.775828242301940918e-01 -1.417218923568725586e+00
-4.895669817924499512e-01 -9.490508437156677246e-01
-4.392207264900207520e-01 -1.034338235855102539e+00
-5.726734399795532227e-01 -8.301486372947692871e-01
-5.144715309143066406e-01 -9.108466506004333496e-01
-3.159166872501373291e-01 -1.306080102920532227e+00
-4.190030395984649658e-01 -1.072074174880981445e+00
-6.039441823959350586e-01 -7.910938262939453125e-01
-4.158028066158294678e-01 -1.078252077102661133e+00
-4.773725569248199463e-01 -9.686672687530517578e-01
-5.735898613929748535e-01 -8.289644122123718262e-01
-3.670413494110107422e-01 -1.180194258689880371e+00
-3.223766386508941650e-01 -1.288896441459655762e+00
-5.189296603202819824e-01 -9.042566418647766113e-01
-3.423810601234436035e-01 -1.238142013549804688e+00
-2.144360840320587158e-01 -1.645046234130859375e+00
-4.694040715694427490e-01 -9.818292856216430664e-01
-3.076791167259216309e-01 -1.328596115112304688e+00
-5.494887232780456543e-01 -8.609622120857238770e-01
-3.722923099994659424e-01 -1.168453812599182129e+00
-5.442588925361633301e-01 -8.681474924087524414e-01
-3.788758814334869385e-01 -1.154010534286499023e+00
-3.669595122337341309e-01 -1.180379152297973633e+00
-5.271038413047790527e-01 -8.923596739768981934e-01
-4.756798148155212402e-01 -9.714400172233581543e-01
-5.584022402763366699e-01 -8.489181995391845703e-01
-3.590843379497528076e-01 -1.198373317718505859e+00
-2.972813844680786133e-01 -1.358037114143371582e+00
-4.226034581661224365e-01 -1.065192341804504395e+00
-3.738531470298767090e-01 -1.165001869201660156e+00
-2.279302030801773071e-01 -1.590516924858093262e+00
-3.434200584888458252e-01 -1.235601544380187988e+00
-3.727008700370788574e-01 -1.167548656463623047e+00
-5.820654630661010742e-01 -8.181279897689819336e-01
-5.056888461112976074e-01 -9.240457415580749512e-01
-4.209572374820709229e-01 -1.068330049514770508e+00
-5.383503437042236328e-01 -8.763740658760070801e-01
-4.268670380115509033e-01 -1.057135343551635742e+00
-4.232510328292846680e-01 -1.063962221145629883e+00
-1.760591417551040649e-01 -1.823673605918884277e+00
-4.237688481807708740e-01 -1.062980175018310547e+00
-4.368661046028137207e-01 -1.038621902465820312e+00
-4.788981080055236816e-01 -9.661786556243896484e-01
-5.177645087242126465e-01 -9.059719443321228027e-01
-5.572689771652221680e-01 -8.504355549812316895e-01
-3.901903033256530762e-01 -1.129880189895629883e+00
-3.832178711891174316e-01 -1.144648909568786621e+00
-4.324894249439239502e-01 -1.046660542488098145e+00
-4.705511927604675293e-01 -9.799174666404724121e-01
-5.583000779151916504e-01 -8.490548133850097656e-01
-4.081222414970397949e-01 -1.093319058418273926e+00
-1.693297773599624634e-01 -1.859377264976501465e+00
-3.951030969619750977e-01 -1.119664192199707031e+00
-3.133477568626403809e-01 -1.313027858734130859e+00
-5.253924727439880371e-01 -8.948308229446411133e-01
-2.510995566844940186e-01 -1.504829883575439453e+00
-4.199440181255340576e-01 -1.070268750190734863e+00
-5.193526744842529297e-01 -9.036348462104797363e-01
-3.608670234680175781e-01 -1.194259047508239746e+00
-4.783551096916198730e-01 -9.670632481575012207e-01
-4.372451901435852051e-01 -1.037930250167846680e+00
-4.399017095565795898e-01 -1.033104777336120605e+00
-5.205880999565124512e-01 -9.018234610557556152e-01
-5.467116832733154297e-01 -8.647665977478027344e-01
-5.619711875915527344e-01 -8.441658616065979004e-01
-3.307365775108337402e-01 -1.267247796058654785e+00
-5.833162665367126465e-01 -8.165465593338012695e-01
-4.043623805046081543e-01 -1.100821495056152344e+00
-3.943634331226348877e-01 -1.121192336082458496e+00
-5.152720808982849121e-01 -9.096578955650329590e-01
-5.603961348533630371e-01 -8.462584614753723145e-01
-4.877566993236541748e-01 -9.519236087799072266e-01
-5.428116321563720703e-01 -8.701518774032592773e-01
-3.808021843433380127e-01 -1.149841427803039551e+00
-4.503880143165588379e-01 -1.014402151107788086e+00
-1.854346692562103271e-01 -1.776337504386901855e+00
-5.406527519226074219e-01 -8.731545209884643555e-01
-3.611747920513153076e-01 -1.193551421165466309e+00
-4.571128487586975098e-01 -1.002690196037292480e+00
-4.067821502685546875e-01 -1.095983386039733887e+00
-4.117840230464935303e-01 -1.086092829704284668e+00
-4.990520477294921875e-01 -9.342151284217834473e-01
-4.725478291511535645e-01 -9.766033291816711426e-01
-1.935412734746932983e-01 -1.737474679946899414e+00
-2.862121462821960449e-01 -1.390717267990112305e+00
-3.671918213367462158e-01 -1.179855227470397949e+00
-2.440392076969146729e-01 -1.529965758323669434e+00
-3.319342136383056641e-01 -1.264199018478393555e+00
-3.973932266235351562e-01 -1.114954233169555664e+00
-4.075571894645690918e-01 -1.094441175460815430e+00
-3.188429176807403564e-01 -1.298245668411254883e+00
-3.671231865882873535e-01 -1.180009961128234863e+00
-2.041994035243988037e-01 -1.689021468162536621e+00
-3.303332924842834473e-01 -1.268277287483215332e+00
-4.808857738971710205e-01 -9.629514217376708984e-01
-4.444009363651275635e-01 -1.025013208389282227e+00
-4.556586444377899170e-01 -1.005204439163208008e+00
-5.469459295272827148e-01 -8.644446730613708496e-01
-4.085104763507843018e-01 -1.092549085617065430e+00
-4.592107534408569336e-01 -9.990802407264709473e-01
-3.437759280204772949e-01 -1.234733700752258301e+00
-5.936315059661865234e-01 -8.036718964576721191e-01
-3.850729763507843018e-01 -1.140688300132751465e+00
-4.128964245319366455e-01 -1.083913207054138184e+00
-4.091320037841796875e-01 -1.091318607330322266e+00
-3.885359466075897217e-01 -1.133355379104614258e+00
-3.483486473560333252e-01 -1.223674774169921875e+00
-5.478543043136596680e-01 -8.631981611251831055e-01
-6.232813596725463867e-01 -7.682632207870483398e-01
-3.687809109687805176e-01 -1.176282644271850586e+00
-3.557827770709991455e-01 -1.206057667732238770e+00
-6.224376559257507324e-01 -7.692396640777587891e-01
-6.275212764739990234e-01 -7.633841633796691895e-01
-5.558400154113769531e-01 -8.523545861244201660e-01
-3.505919575691223145e-01 -1.218312144279479980e+00
-2.691351771354675293e-01 -1.444092988967895508e+00
-6.352312564849853516e-01 -7.546247839927673340e-01
-4.209232032299041748e-01 -1.068395018577575684e+00
-2.858129143714904785e-01 -1.391922712326049805e+00
-4.741449654102325439e-01 -9.739648103713989258e-01
-5.052723288536071777e-01 -9.246788620948791504e-01
-5.038344264030456543e-01 -9.268701672554016113e-01
-2.433946579694747925e-01 -1.532301187515258789e+00
-5.294333696365356445e-01 -8.890127539634704590e-01
-8.890117704868316650e-02 -2.464351415634155273e+00
-4.523462951183319092e-01 -1.010969281196594238e+00
-2.679588198661804199e-01 -1.447911500930786133e+00
-3.256098330020904541e-01 -1.280446767807006836e+00
-2.933888137340545654e-01 -1.369367122650146484e+00
-1.497568935155868530e-01 -1.972686290740966797e+00
-3.931466639041900635e-01 -1.123713850975036621e+00
-5.515843629837036133e-01 -8.581079244613647461e-01
-4.411247074604034424e-01 -1.030895113945007324e+00
-3.903612792491912842e-01 -1.129522085189819336e+00
-1.837182492017745972e-01 -1.784805059432983398e+00
-1.736926585435867310e-01 -1.836057186126708984e+00
-4.847936332225799561e-01 -9.566553831100463867e-01
-5.272747874259948730e-01 -8.921134471893310547e-01
-5.058293342590332031e-01 -9.238323569297790527e-01
-1.324846744537353516e-01 -2.086799383163452148e+00
-2.849805057048797607e-01 -1.394443035125732422e+00
-5.822675228118896484e-01 -8.178722858428955078e-01
-2.322146445512771606e-01 -1.573954820632934570e+00
-3.436225652694702148e-01 -1.235107898712158203e+00
-5.444992184638977051e-01 -8.678153753280639648e-01
-4.783871769905090332e-01 -9.670110344886779785e-01
-4.842377305030822754e-01 -9.575468897819519043e-01
-2.375575304031372070e-01 -1.553773999214172363e+00
-2.624032795429229736e-01 -1.466207027435302734e+00
-3.188424110412597656e-01 -1.298247337341308594e+00
-2.644597589969635010e-01 -1.459383845329284668e+00
-4.743986725807189941e-01 -9.735468029975891113e-01
-5.074742436408996582e-01 -9.213388562202453613e-01
-3.481401205062866211e-01 -1.224175453186035156e+00
-4.225353300571441650e-01 -1.065321922302246094e+00
-5.613678693771362305e-02 -2.907901763916015625e+00
-4.679819643497467041e-01 -9.842077493667602539e-01
-4.454221725463867188e-01 -1.023190617561340332e+00
-1.627820879220962524e-01 -1.895630002021789551e+00
-2.925059497356414795e-01 -1.371960878372192383e+00
-4.641858041286468506e-01 -9.906015396118164062e-01
-2.510065436363220215e-01 -1.505155801773071289e+00
-4.691887497901916504e-01 -9.821888208389282227e-01
-4.831012189388275146e-01 -9.593740701675415039e-01
-2.257242947816848755e-01 -1.599181056022644043e+00
-5.584416985511779785e-01 -8.488655686378479004e-01
-5.202503204345703125e-01 -9.023181796073913574e-01
-3.732002675533294678e-01 -1.166443824768066406e+00
-4.180662333965301514e-01 -1.073876619338989258e+00
-5.338953733444213867e-01 -8.826543092727661133e-01
-2.058650404214859009e-01 -1.681701779365539551e+00
-3.756542801856994629e-01 -1.161040306091308594e+00
-4.798531532287597656e-01 -9.646260738372802734e-01
-4.016542732715606689e-01 -1.106277704238891602e+00
-6.049613952636718750e-01 -7.898684740066528320e-01
-2.295407950878143311e-01 -1.584250450134277344e+00
-3.633861243724822998e-01 -1.188486337661743164e+00
-5.712622404098510742e-01 -8.319772481918334961e-01
-3.669097721576690674e-01 -1.180491209030151367e+00
-3.213964104652404785e-01 -1.291477680206298828e+00
-4.404751956462860107e-01 -1.032067656517028809e+00
-4.030171334743499756e-01 -1.103526234626770020e+00
-3.911785781383514404e-01 -1.127812743186950684e+00
-4.652086794376373291e-01 -9.888722896575927734e-01
-4.339804649353027344e-01 -1.043910741806030273e+00
-5.538941025733947754e-01 -8.549780845642089844e-01
-4.850104749202728271e-01 -9.563077688217163086e-01
-5.509389042854309082e-01 -8.589854836463928223e-01
-5.417632460594177246e-01 -8.716081380844116211e-01
-5.217474102973937988e-01 -9.001285433769226074e-01
-3.944936692714691162e-01 -1.120923161506652832e+00
-5.051881670951843262e-01 -9.248067736625671387e-01
-4.512380659580230713e-01 -1.012909770011901855e+00
-4.777488410472869873e-01 -9.680523872375488281e-01
-4.217866659164428711e-01 -1.066747307777404785e+00
-1.351599246263504028e-01 -2.068115472793579102e+00
-5.229474306106567383e-01 -8.983790278434753418e-01
-4.548577666282653809e-01 -1.006593704223632812e+00
-4.885303378105163574e-01 -9.506943821907043457e-01
-4.503532350063323975e-01 -1.014463067054748535e+00
-4.369640648365020752e-01 -1.038443207740783691e+00
-4.260515272617340088e-01 -1.058668732643127441e+00
-5.171235799789428711e-01 -9.069175124168395996e-01
-5.130158066749572754e-01 -9.130144119262695312e-01
-4.354959130287170410e-01 -1.041127920150756836e+00
-5.731977224349975586e-01 -8.294707536697387695e-01
-4.470773339271545410e-01 -1.020247936248779297e+00
-5.592079162597656250e-01 -8.478418588638305664e-01
-5.079728960990905762e-01 -9.205850362777709961e-01
-3.180476427078247070e-01 -1.300366640090942383e+00
-6.350786089897155762e-01 -7.547968029975891113e-01
-4.731991589069366455e-01 -9.755259752273559570e-01
-4.298418760299682617e-01 -1.051571965217590332e+00
-5.701836943626403809e-01 -8.333789110183715820e-01
-1.584729850292205811e-01 -1.920361518859863281e+00
-4.279708266258239746e-01 -1.055065631866455078e+00
-4.478452503681182861e-01 -1.018887162208557129e+00
-5.465375185012817383e-01 -8.650059103965759277e-01
-4.732513725757598877e-01 -9.754397869110107422e-01
-4.031563103199005127e-01 -1.103245854377746582e+00
-4.478756487369537354e-01 -1.018833279609680176e+00
-5.025382041931152344e-01 -9.288519024848937988e-01
-5.427719950675964355e-01 -8.702068328857421875e-01
-3.974694013595581055e-01 -1.114798188209533691e+00
-5.159454345703125000e-01 -9.086598753929138184e-01
-5.690461993217468262e-01 -8.348608016967773438e-01
-5.569432973861694336e-01 -8.508722782135009766e-01
-2.348978519439697266e-01 -1.563755512237548828e+00
-4.831100404262542725e-01 -9.593600034713745117e-01
-3.907247781753540039e-01 -1.128761291503906250e+00
-4.246231615543365479e-01 -1.061363220214843750e+00
-5.123347043991088867e-01 -9.140312671661376953e-01
-3.542544245719909668e-01 -1.209643602371215820e+00
-3.284249007701873779e-01 -1.273169159889221191e+00
-4.606100916862487793e-01 -9.966840147972106934e-01
-5.408950448036193848e-01 -8.728168010711669922e-01
-4.610897898674011230e-01 -9.958645105361938477e-01
-3.071804940700531006e-01 -1.329981446266174316e+00
-6.270156502723693848e-01 -7.639636993408203125e-01
-3.964864611625671387e-01 -1.116815209388732910e+00
-4.471551775932312012e-01 -1.020109891891479492e+00
-4.445985257625579834e-01 -1.024660229682922363e+00
-3.706565201282501221e-01 -1.172089695930480957e+00
-2.095426768064498901e-01 -1.665770173072814941e+00
-4.666338264942169189e-01 -9.864709377288818359e-01
-3.551257550716400146e-01 -1.207596898078918457e+00
-4.376234412193298340e-01 -1.037241220474243164e+00
-5.681176781654357910e-01 -8.360734581947326660e-01
-4.605575203895568848e-01 -9.967737197875976562e-01
-4.593122601509094238e-01 -9.989063143730163574e-01
-4.235668778419494629e-01 -1.063363075256347656e+00
-4.467966258525848389e-01 -1.020746111869812012e+00
-6.103840470314025879e-01 -7.833831310272216797e-01
-3.754070699214935303e-01 -1.161582589149475098e+00
-2.073054760694503784e-01 -1.675424337387084961e+00
-3.040034472942352295e-01 -1.338870167732238770e+00
-4.267273843288421631e-01 -1.057397603988647461e+00
-4.108932912349700928e-01 -1.087843418121337891e+00
-4.221384525299072266e-01 -1.066077113151550293e+00
-5.529426336288452148e-01 -8.562653064727783203e-01
-4.258050322532653809e-01 -1.059133052825927734e+00
-2.944250106811523438e-01 -1.366334080696105957e+00
-4.746839404106140137e-01 -9.730769991874694824e-01
-4.873874187469482422e-01 -9.525114297866821289e-01
-3.557330667972564697e-01 -1.206173896789550781e+00
-2.628066837787628174e-01 -1.464863777160644531e+00
-3.417285382747650146e-01 -1.239741802215576172e+00
-5.086235404014587402e-01 -9.196030497550964355e-01
-2.342853993177413940e-01 -1.566071748733520508e+00
-4.516820013523101807e-01 -1.012131571769714355e+00
-5.100598931312561035e-01 -9.174404740333557129e-01
-3.774476647377014160e-01 -1.157118201255798340e+00
-5.956361293792724609e-01 -8.012042045593261719e-01
-4.350991845130920410e-01 -1.041855335235595703e+00
-3.648840188980102539e-01 -1.185076475143432617e+00
-3.350721597671508789e-01 -1.256271839141845703e+00
-3.617503046989440918e-01 -1.192229747772216797e+00
-5.041802525520324707e-01 -9.263423681259155273e-01
-3.952291607856750488e-01 -1.119403958320617676e+00
-1.944884806871414185e-01 -1.733051300048828125e+00
-5.288006663322448730e-01 -8.899198174476623535e-01
-4.024555683135986328e-01 -1.104658603668212891e+00
-3.404679596424102783e-01 -1.242843031883239746e+00
-4.537503421306610107e-01 -1.008519291877746582e+00
-5.833369493484497070e-01 -8.165203332901000977e-01
-4.657123088836669922e-01 -9.880226254463195801e-01
-5.126891136169433594e-01 -9.135020375251770020e-01
-1.654760092496871948e-01 -1.880526423454284668e+00
-3.489398360252380371e-01 -1.222257614135742188e+00
-4.420566558837890625e-01 -1.029216527938842773e+00
-3.711947202682495117e-01 -1.170891523361206055e+00
-4.176791012287139893e-01 -1.074622988700866699e+00
-3.928428888320922852e-01 -1.124344825744628906e+00
-2.529726028442382812e-01 -1.498295426368713379e+00
-4.694066643714904785e-01 -9.818249344825744629e-01
-4.704445600509643555e-01 -9.800947308540344238e-01
-4.079818725585937500e-01 -1.093597531318664551e+00
-5.151228308677673340e-01 -9.098793268203735352e-01
-3.055031597614288330e-01 -1.334660768508911133e+00
-3.794486522674560547e-01 -1.152768373489379883e+00
-1.826733946800231934e-01 -1.790002346038818359e+00
-5.441362857818603516e-01 -8.683171272277832031e-01
-4.916051626205444336e-01 -9.458322525024414062e-01
-3.200506269931793213e-01 -1.295036911964416504e+00
-4.381331503391265869e-01 -1.036313414573669434e+00
-5.619673728942871094e-01 -8.441709876060485840e-01
-4.602689445018768311e-01 -9.972673654556274414e-01
-3.417838513851165771e-01 -1.239606142044067383e+00
-3.749184310436248779e-01 -1.162655949592590332e+00
-6.140198707580566406e-01 -7.790778279304504395e-01
-4.774612188339233398e-01 -9.685221910476684570e-01
-3.712523579597473145e-01 -1.170763015747070312e+00
-3.252996504306793213e-01 -1.281253099441528320e+00
-6.747028827667236328e-01 -7.119380831718444824e-01
-4.473980963230133057e-01 -1.019679188728332520e+00
-2.792038321495056152e-01 -1.412168979644775391e+00
-4.253883063793182373e-01 -1.059918403625488281e+00
-4.851179718971252441e-01 -9.561354517936706543e-01
-5.436037182807922363e-01 -8.690541386604309082e-01
-3.850061297416687012e-01 -1.140830278396606445e+00
-2.882109880447387695e-01 -1.384709239006042480e+00
-4.374882876873016357e-01 -1.037487387657165527e+00
-3.763770163059234619e-01 -1.159456849098205566e+00
-4.990756511688232422e-01 -9.341787099838256836e-01
-2.903789877891540527e-01 -1.378247022628784180e+00
-3.526541888713836670e-01 -1.213417768478393555e+00
-2.044637352228164673e-01 -1.687855482101440430e+00
-4.451122581958770752e-01 -1.023743152618408203e+00
-2.529141008853912354e-01 -1.498498320579528809e+00
-1.353757828474044800e-01 -2.066624879837036133e+00
-4.294148385524749756e-01 -1.052367806434631348e+00
-5.940057635307312012e-01 -8.032104969024658203e-01
-5.004768967628479004e-01 -9.320175051689147949e-01
-2.558415234088897705e-01 -1.488392114639282227e+00
-5.679540634155273438e-01 -8.362871408462524414e-01
-5.991129875183105469e-01 -7.969504594802856445e-01
-5.162488818168640137e-01 -9.082105159759521484e-01
-4.962953329086303711e-01 -9.384899735450744629e-01
-5.674231648445129395e-01 -8.369820117950439453e-01
-4.854699671268463135e-01 -9.555720090866088867e-01
-5.255586504936218262e-01 -8.945903182029724121e-01
-5.502214431762695312e-01 -8.599624633789062500e-01
-4.913856685161590576e-01 -9.461781978607177734e-01
-5.290610790252685547e-01 -8.895463347434997559e-01
-5.218645930290222168e-01 -8.999574184417724609e-01
-5.772789716720581055e-01 -8.242221474647521973e-01
-6.268357634544372559e-01 -7.641701698303222656e-01
-6.088466644287109375e-01 -7.852138876914978027e-01
-6.503070592880249023e-01 -7.379049658775329590e-01
-4.876990914344787598e-01 -9.520153403282165527e-01
-6.439530849456787109e-01 -7.448871135711669922e-01
-6.262701153755187988e-01 -7.648193836212158203e-01
-4.406902492046356201e-01 -1.031679272651672363e+00
-6.392066478729248047e-01 -7.501639723777770996e-01
-6.760008335113525391e-01 -7.105926275253295898e-01
-5.661048889160156250e-01 -8.387108445167541504e-01
-7.050920724868774414e-01 -6.813433170318603516e-01
-6.628713607788085938e-01 -7.243683934211730957e-01
-6.743938922882080078e-01 -7.122589349746704102e-01
-6.079338788986206055e-01 -7.863039374351501465e-01
-5.075086951255798340e-01 -9.212868213653564453e-01
-5.339521169662475586e-01 -8.825738430023193359e-01
-5.791853666305541992e-01 -8.217868804931640625e-01
-4.883605241775512695e-01 -9.509639143943786621e-01
-5.805966258049011230e-01 -8.199909925460815430e-01
-6.008504629135131836e-01 -7.948368787765502930e-01
-4.465633928775787354e-01 -1.021160125732421875e+00
-4.238719046115875244e-01 -1.062785029411315918e+00
-4.759788513183593750e-01 -9.709492325782775879e-01
-6.112222075462341309e-01 -7.823876142501831055e-01
-5.176182389259338379e-01 -9.061875939369201660e-01
-4.611281454563140869e-01 -9.957990646362304688e-01
-5.531259775161743164e-01 -8.560168743133544922e-01
-6.204334497451782227e-01 -7.715657949447631836e-01
-4.527356922626495361e-01 -1.010288715362548828e+00
-4.767756760120391846e-01 -9.696433544158935547e-01
-6.211560368537902832e-01 -7.707259654998779297e-01
-6.490330100059509277e-01 -7.392976284027099609e-01
-4.384299218654632568e-01 -1.035773754119873047e+00
-4.743687212467193604e-01 -9.735963344573974609e-01
-1.934384256601333618e-01 -1.737956404685974121e+00
-5.830719470977783203e-01 -8.168550729751586914e-01
-5.851863622665405273e-01 -8.141901493072509766e-01
-5.900543332099914551e-01 -8.081028461456298828e-01
-6.193482875823974609e-01 -7.728294134140014648e-01
-4.222000241279602051e-01 -1.065959692001342773e+00
-5.695033669471740723e-01 -8.342646360397338867e-01
-5.352620482444763184e-01 -8.807204365730285645e-01
-6.420788764953613281e-01 -7.469644546508789062e-01
-6.196552515029907227e-01 -7.724716067314147949e-01
-4.890642762184143066e-01 -9.498472213745117188e-01
-6.405838131904602051e-01 -7.486275434494018555e-01
-4.878975152969360352e-01 -9.516999125480651855e-01
-5.657575130462646484e-01 -8.391671180725097656e-01
-4.176398515701293945e-01 -1.074698686599731445e+00
-5.684678554534912109e-01 -8.356156349182128906e-01
-5.747475028038024902e-01 -8.274719119071960449e-01
-6.037500500679016113e-01 -7.913277149200439453e-01
-5.793226957321166992e-01 -8.216118812561035156e-01
-6.864447593688964844e-01 -6.998947858810424805e-01
-4.273110330104827881e-01 -1.056302189826965332e+00
-5.572292804718017578e-01 -8.504887819290161133e-01
-5.050565004348754883e-01 -9.250073432922363281e-01
-1.959358751773834229e-01 -1.726336836814880371e+00
-4.240930080413818359e-01 -1.062366247177124023e+00
-5.832214355468750000e-01 -8.166661858558654785e-01
-5.753911733627319336e-01 -8.266437053680419922e-01
-4.805560708045959473e-01 -9.634855985641479492e-01
-5.667123198509216309e-01 -8.379135727882385254e-01
-6.180294156074523926e-01 -7.743691802024841309e-01
-5.847440361976623535e-01 -8.147466182708740234e-01
-5.076751708984375000e-01 -9.210352301597595215e-01
-6.464793086051940918e-01 -7.420998811721801758e-01
-6.353806257247924805e-01 -7.544564008712768555e-01
-4.896422326564788818e-01 -9.489316940307617188e-01
-4.045329391956329346e-01 -1.100479245185852051e+00
-5.446788072586059570e-01 -8.675673007965087891e-01
-5.775499939918518066e-01 -8.238751888275146484e-01
-5.012059807777404785e-01 -9.308959841728210449e-01
-5.312007665634155273e-01 -8.864859342575073242e-01
-6.285748481750488281e-01 -7.621787190437316895e-01
-2.686506807804107666e-01 -1.445663213729858398e+00
-5.699148178100585938e-01 -8.337287902832031250e-01
-6.927770376205444336e-01 -6.935174465179443359e-01
-6.173741817474365234e-01 -7.751359939575195312e-01
-3.737789094448089600e-01 -1.165165901184082031e+00
-6.314181685447692871e-01 -7.589387893676757812e-01
-5.340950489044189453e-01 -8.823714256286621094e-01
-5.585491657257080078e-01 -8.487218618392944336e-01
-6.207163929939270020e-01 -7.712366580963134766e-01
-3.821178972721099854e-01 -1.147008419036865234e+00
-6.244164109230041504e-01 -7.669527530670166016e-01
-6.019776463508605957e-01 -7.934700250625610352e-01
-6.017240285873413086e-01 -7.937772870063781738e-01
-5.941865444183349609e-01 -8.029875755310058594e-01
-5.515755414962768555e-01 -8.581197261810302734e-01
-6.122418642044067383e-01 -7.811790108680725098e-01
-6.150988340377807617e-01 -7.778066992759704590e-01
-6.099084615707397461e-01 -7.839488983154296875e-01
-4.668349027633666992e-01 -9.861330389976501465e-01
-5.581123232841491699e-01 -8.493059873580932617e-01
-6.294920444488525391e-01 -7.611314058303833008e-01
-2.124703079462051392e-01 -1.653308153152465820e+00
-7.193764448165893555e-01 -6.675882935523986816e-01
-5.241212844848632812e-01 -8.966729640960693359e-01
-5.859755277633666992e-01 -8.131988048553466797e-01
-3.107832968235015869e-01 -1.320029854774475098e+00
-3.081251680850982666e-01 -1.327358841896057129e+00
-5.360047221183776855e-01 -8.796723484992980957e-01
-5.188294649124145508e-01 -9.044039249420166016e-01
-6.258327364921569824e-01 -7.653219699859619141e-01
-6.763334870338439941e-01 -7.102484703063964844e-01
-5.966139435768127441e-01 -8.000044822692871094e-01
-6.127940416336059570e-01 -7.805255651473999023e-01
-6.458572149276733398e-01 -7.427849173545837402e-01
-1.740780621767044067e-01 -1.834028363227844238e+00
-5.618809461593627930e-01 -8.442857265472412109e-01
-2.258710563182830811e-01 -1.598601579666137695e+00
-6.013333797454833984e-01 -7.942508459091186523e-01
-4.161147177219390869e-01 -1.077647447586059570e+00
-5.555337667465209961e-01 -8.527666330337524414e-01
-3.914603888988494873e-01 -1.127224206924438477e+00
-5.328386425971984863e-01 -8.841540217399597168e-01
-5.837244391441345215e-01 -8.160313367843627930e-01
-6.652855873107910156e-01 -7.218072414398193359e-01
-5.568437576293945312e-01 -8.510058522224426270e-01
-2.829108834266662598e-01 -1.400745868682861328e+00
-5.325015187263488770e-01 -8.846330642700195312e-01
-2.952081561088562012e-01 -1.364050149917602539e+00
-7.132602930068969727e-01 -6.734305620193481445e-01
-4.561783671379089355e-01 -1.004304885864257812e+00
-5.273043513298034668e-01 -8.920709490776062012e-01
-4.047172963619232178e-01 -1.100109577178955078e+00
-5.897834897041320801e-01 -8.084397315979003906e-01
-5.813005566596984863e-01 -8.190975189208984375e-01
-5.829946398735046387e-01 -8.169528245925903320e-01
-5.515090823173522949e-01 -8.582100272178649902e-01
-2.976644635200500488e-01 -1.356931447982788086e+00
-3.287082016468048096e-01 -1.272440910339355469e+00
-5.211631059646606445e-01 -9.009822010993957520e-01
-5.575973987579345703e-01 -8.499953746795654297e-01
-6.617792844772338867e-01 -7.255309820175170898e-01
-5.633324384689331055e-01 -8.423637151718139648e-01
-5.694608688354492188e-01 -8.343201279640197754e-01
-6.313878893852233887e-01 -7.589732408523559570e-01
-5.772805809974670410e-01 -8.242198824882507324e-01
-5.702746510505676270e-01 -8.332604765892028809e-01
-2.951830327510833740e-01 -1.364123225212097168e+00
-5.038745403289794922e-01 -9.268088340759277344e-01
-5.024138092994689941e-01 -9.290426373481750488e-01
-5.043262839317321777e-01 -9.261195659637451172e-01
-3.190195262432098389e-01 -1.297775864601135254e+00
-5.964175462722778320e-01 -8.002454042434692383e-01
-6.510440707206726074e-01 -7.371011972427368164e-01
-6.236382722854614258e-01 -7.678508758544921875e-01
-6.444727182388305664e-01 -7.443125247955322266e-01
-4.758891761302947998e-01 -9.710963964462280273e-01
-5.650024414062500000e-01 -8.401603698730468750e-01
-5.790300965309143066e-01 -8.219848871231079102e-01
-4.871793687343597412e-01 -9.528427124023437500e-01
-3.323114216327667236e-01 -1.263241291046142578e+00
-5.565305352210998535e-01 -8.514264822006225586e-01
-6.342689394950866699e-01 -7.557101249694824219e-01
-5.899851918220520020e-01 -8.081886768341064453e-01
-6.024250984191894531e-01 -7.929284572601318359e-01
-6.724193692207336426e-01 -7.143138647079467773e-01
-6.145752072334289551e-01 -7.784231901168823242e-01
-5.884338617324829102e-01 -8.101217150688171387e-01
-5.832656025886535645e-01 -8.166103959083557129e-01
-5.104206800460815430e-01 -9.168984889984130859e-01
-6.014338135719299316e-01 -7.941291332244873047e-01
-6.419468522071838379e-01 -7.471111416816711426e-01
-5.002610087394714355e-01 -9.323498606681823730e-01
-5.308289527893066406e-01 -8.870166540145874023e-01
-4.798680543899536133e-01 -9.646017551422119141e-01
-4.388029575347900391e-01 -1.035096168518066406e+00
-2.366560995578765869e-01 -1.557142615318298340e+00
-6.279420256614685059e-01 -7.629025578498840332e-01
-6.082078814506530762e-01 -7.859766483306884766e-01
-3.652691245079040527e-01 -1.184202432632446289e+00
-5.961428880691528320e-01 -8.005822300910949707e-01
-6.589434146881103516e-01 -7.285623550415039062e-01
-2.392731010913848877e-01 -1.547401666641235352e+00
-5.920961499214172363e-01 -8.055694103240966797e-01
-3.574525415897369385e-01 -1.202160716056823730e+00
-3.980430066585540771e-01 -1.113623857498168945e+00
-4.787900745868682861e-01 -9.663547277450561523e-01
-4.766321778297424316e-01 -9.698783755302429199e-01
-5.499628782272338867e-01 -8.603151440620422363e-01
-4.642821848392486572e-01 -9.904383420944213867e-01
-2.834232747554779053e-01 -1.399180769920349121e+00
-3.039450347423553467e-01 -1.339034557342529297e+00
-4.967337846755981445e-01 -9.378079175949096680e-01
-5.869775414466857910e-01 -8.119425177574157715e-01
-5.103946924209594727e-01 -9.169374704360961914e-01
-4.501646161079406738e-01 -1.014794945716857910e+00
-6.203699111938476562e-01 -7.716395854949951172e-01
-5.994246602058410645e-01 -7.965706586837768555e-01
-6.450321078300476074e-01 -7.436949014663696289e-01
-5.103214383125305176e-01 -9.170475602149963379e-01
-5.622182488441467285e-01 -8.438385128974914551e-01
-5.433125495910644531e-01 -8.694574236869812012e-01
-5.980457067489624023e-01 -7.982525825500488281e-01
-5.063499212265014648e-01 -9.230421185493469238e-01
-5.249781608581542969e-01 -8.954305052757263184e-01
-6.529968380928039551e-01 -7.349772453308105469e-01
-6.432829499244689941e-01 -7.456288933753967285e-01
-4.897621273994445801e-01 -9.487419724464416504e-01
-4.911357164382934570e-01 -9.465721249580383301e-01
-6.021942496299743652e-01 -7.932080030441284180e-01
-5.748361349105834961e-01 -8.273578286170959473e-01
-3.528902828693389893e-01 -1.212859749794006348e+00
-5.070126652717590332e-01 -9.220374822616577148e-01
-5.741281509399414062e-01 -8.282699584960937500e-01
-5.644528865814208984e-01 -8.408845663070678711e-01
-5.805751681327819824e-01 -8.200182914733886719e-01
-6.401938199996948242e-01 -7.490621805191040039e-01
-4.737226665019989014e-01 -9.746612310409545898e-01
-6.427534818649291992e-01 -7.462157011032104492e-01
-4.657800197601318359e-01 -9.879086017608642578e-01
-5.209611654281616211e-01 -9.012774825096130371e-01
-4.724244475364685059e-01 -9.768075942993164062e-01
-4.908423423767089844e-01 -9.470348954200744629e-01
-6.165984272956848145e-01 -7.760450839996337891e-01
-5.948854088783264160e-01 -8.021270632743835449e-01
-4.060315787792205811e-01 -1.097480177879333496e+00
-5.984825491905212402e-01 -7.977191209793090820e-01
-6.651815176010131836e-01 -7.219175100326538086e-01
-4.833051860332489014e-01 -9.590458869934082031e-01
-5.139907002449035645e-01 -9.115618467330932617e-01
-4.836983680725097656e-01 -9.584133625030517578e-01
-4.911140501499176025e-01 -9.466062784194946289e-01
-4.491282105445861816e-01 -1.016620159149169922e+00
-4.718734920024871826e-01 -9.777206182479858398e-01
-5.301152467727661133e-01 -8.880365490913391113e-01
-5.487543344497680664e-01 -8.619658350944519043e-01
-4.610209465026855469e-01 -9.959821105003356934e-01
-4.901120960712432861e-01 -9.481884241104125977e-01
-5.745490789413452148e-01 -8.277274370193481445e-01
-5.946004986763000488e-01 -8.024777173995971680e-01
-5.669745802879333496e-01 -8.375696539878845215e-01
-4.756067693233489990e-01 -9.715600013732910156e-01
-5.527021884918212891e-01 -8.565908670425415039e-01
-5.678555369377136230e-01 -8.364159464836120605e-01
-4.649683237075805664e-01 -9.892782568931579590e-01
-6.372581124305725098e-01 -7.523458003997802734e-01
-5.544536113739013672e-01 -8.542224168777465820e-01
-3.816927671432495117e-01 -1.147922754287719727e+00
-4.169953763484954834e-01 -1.075943231582641602e+00
-6.468529701232910156e-01 -7.416889667510986328e-01
-5.699509382247924805e-01 -8.336818218231201172e-01
-6.272838115692138672e-01 -7.636562585830688477e-01
-4.571366310119628906e-01 -1.002649188041687012e+00
-4.880942702293395996e-01 -9.513869881629943848e-01
-5.630446076393127441e-01 -8.427442908287048340e-01
-5.824388265609741211e-01 -8.176554441452026367e-01
-5.575931668281555176e-01 -8.500010967254638672e-01
-6.485923528671264648e-01 -7.397800683975219727e-01
-4.863442182540893555e-01 -9.541746973991394043e-01
-4.133869707584381104e-01 -1.082954525947570801e+00
-5.104839801788330078e-01 -9.168032407760620117e-01
-5.631045103073120117e-01 -8.426651358604431152e-01
-2.537896037101745605e-01 -1.495462179183959961e+00
-5.420165061950683594e-01 -8.712559342384338379e-01
-5.536215901374816895e-01 -8.553463816642761230e-01
-2.509825229644775391e-01 -1.505240201950073242e+00
-6.289492249488830566e-01 -7.617508172988891602e-01
-3.429774641990661621e-01 -1.236682653427124023e+00
-5.798262953758239746e-01 -8.209706544876098633e-01
-5.614945292472839355e-01 -8.447983860969543457e-01
-3.822366595268249512e-01 -1.146753430366516113e+00
-6.137016415596008301e-01 -7.794532775878906250e-01
-5.075575113296508789e-01 -9.212130904197692871e-01
-5.173283219337463379e-01 -9.066153168678283691e-01
-3.665342330932617188e-01 -1.181339025497436523e+00
-4.165812730789184570e-01 -1.076744079589843750e+00
-3.305028378963470459e-01 -1.267844319343566895e+00
-5.875920057296752930e-01 -8.111736774444580078e-01
-6.432951688766479492e-01 -7.456154227256774902e-01
-6.114034652709960938e-01 -7.821725606918334961e-01
-6.773445606231689453e-01 -7.092034816741943359e-01
-5.682034492492675781e-01 -8.359612226486206055e-01
-6.383518576622009277e-01 -7.511200308799743652e-01
-5.275918245315551758e-01 -8.916569948196411133e-01
-5.497294068336486816e-01 -8.606336712837219238e-01
-5.228079557418823242e-01 -8.985822796821594238e-01
-5.557885766029357910e-01 -8.524236679077148438e-01
-5.162599682807922363e-01 -9.081941246986389160e-01
-6.591103076934814453e-01 -7.283835411071777344e-01
-4.926931262016296387e-01 -9.441213011741638184e-01
-5.856541991233825684e-01 -8.136021494865417480e-01
-6.647070050239562988e-01 -7.224199175834655762e-01
-5.928945541381835938e-01 -8.045818209648132324e-01
-5.433087944984436035e-01 -8.694624900817871094e-01
-3.935582935810089111e-01 -1.122859716415405273e+00
-2.228063642978668213e-01 -1.610787749290466309e+00
-6.029821634292602539e-01 -7.922548651695251465e-01
-5.746482014656066895e-01 -8.275997042655944824e-01
-6.022151112556457520e-01 -7.931824922561645508e-01
-1.787442862987518311e-01 -1.809840440750122070e+00
-2.487423419952392578e-01 -1.513132333755493164e+00
-6.115845441818237305e-01 -7.819578647613525391e-01
-5.625485777854919434e-01 -8.434007763862609863e-01
-6.342148780822753906e-01 -7.557711601257324219e-01
-5.343046784400939941e-01 -8.820744752883911133e-01
-6.710221767425537109e-01 -7.157728672027587891e-01
-6.076020002365112305e-01 -7.867007255554199219e-01
-3.494693338871002197e-01 -1.220990657806396484e+00
-4.700791239738464355e-01 -9.807034730911254883e-01
-3.882763087749481201e-01 -1.133902549743652344e+00
-5.775393247604370117e-01 -8.238888382911682129e-01
-5.374042391777038574e-01 -8.777019977569580078e-01
-5.567662119865417480e-01 -8.511098623275756836e-01
-6.513947248458862305e-01 -7.367191314697265625e-01
-5.983451008796691895e-01 -7.978871464729309082e-01
-6.078448295593261719e-01 -7.864104509353637695e-01
-6.199185848236083984e-01 -7.721649408340454102e-01
-5.685708522796630859e-01 -8.354812264442443848e-01
-6.248234510421752930e-01 -7.664837241172790527e-01
-5.573833584785461426e-01 -8.502823114395141602e-01
-4.445554018020629883e-01 -1.024737119674682617e+00
-6.432776451110839844e-01 -7.456347942352294922e-01
-4.738838970661163330e-01 -9.743953943252563477e-01
-4.140756130218505859e-01 -1.081610560417175293e+00
-4.598327875137329102e-01 -9.980139732360839844e-01
-5.170741677284240723e-01 -9.069905877113342285e-01
-7.290150523185729980e-01 -6.585215330123901367e-01
-5.959969758987426758e-01 -8.007613420486450195e-01
-4.393356740474700928e-01 -1.034129858016967773e+00
-5.863794684410095215e-01 -8.126920461654663086e-01
-6.325008273124694824e-01 -7.577102184295654297e-01
-5.915009379386901855e-01 -8.063066601753234863e-01
-6.325765848159790039e-01 -7.576245069503784180e-01
-6.133759617805480957e-01 -7.798378467559814453e-01
-4.979097843170166016e-01 -9.359828829765319824e-01
-2.538140416145324707e-01 -1.495377540588378906e+00
-4.607284367084503174e-01 -9.964816570281982422e-01
-6.503022313117980957e-01 -7.379103899002075195e-01
-5.762490630149841309e-01 -8.255419135093688965e-01
-6.636652946472167969e-01 -7.235247492790222168e-01
-3.903292417526245117e-01 -1.129589080810546875e+00
-6.322543025016784668e-01 -7.579897642135620117e-01
-5.807219743728637695e-01 -8.198318481445312500e-01
-6.490136981010437012e-01 -7.393187284469604492e-01
-5.454499125480651855e-01 -8.665034770965576172e-01
-4.827949106693267822e-01 -9.598674774169921875e-01
-6.018947958946228027e-01 -7.935702800750732422e-01
-6.433815360069274902e-01 -7.455198168754577637e-01
-2.157721072435379028e-01 -1.639479398727416992e+00
-4.381109178066253662e-01 -1.036353945732116699e+00
-6.314871311187744141e-01 -7.588603496551513672e-01
-4.942712783813476562e-01 -9.416476488113403320e-01
-5.252608656883239746e-01 -8.950213193893432617e-01
-6.151930093765258789e-01 -7.776959538459777832e-01
-4.170832037925720215e-01 -1.075773239135742188e+00
-6.354780197143554688e-01 -7.543465495109558105e-01
-5.759742259979248047e-01 -8.258947134017944336e-01
-5.678842067718505859e-01 -8.363786935806274414e-01
-6.187316179275512695e-01 -7.735489606857299805e-01
-3.897417783737182617e-01 -1.130820512771606445e+00
-6.422677040100097656e-01 -7.467547655105590820e-01
-2.404595017433166504e-01 -1.543025255203247070e+00
-5.085653662681579590e-01 -9.196907281875610352e-01
-4.259450435638427734e-01 -1.058869361877441406e+00
-3.380658924579620361e-01 -1.248789787292480469e+00
-4.581152200698852539e-01 -1.000962734222412109e+00
-5.281706452369689941e-01 -8.908245563507080078e-01
-6.038222908973693848e-01 -7.912406921386718750e-01
-6.013581156730651855e-01 -7.942209243774414062e-01
-4.757171571254730225e-01 -9.713785648345947266e-01
-2.295581400394439697e-01 -1.584183096885681152e+00
-6.528982520103454590e-01 -7.350842952728271484e-01
-6.052336096763610840e-01 -7.895411252975463867e-01
-6.991440653800964355e-01 -6.871860027313232422e-01
-5.876852869987487793e-01 -8.110567927360534668e-01
-7.204015254974365234e-01 -6.666159033775329590e-01
-3.999083638191223145e-01 -1.109819173812866211e+00
-5.656157135963439941e-01 -8.393535614013671875e-01
-9.331992268562316895e-02 -2.418019056320190430e+00
-5.895920395851135254e-01 -8.086780905723571777e-01
-5.843055844306945801e-01 -8.152986764907836914e-01
-5.714371204376220703e-01 -8.317502737045288086e-01
-5.583723187446594238e-01 -8.489582538604736328e-01
-5.426384210586547852e-01 -8.703922033309936523e-01
-6.650063395500183105e-01 -7.221029996871948242e-01
-4.704181849956512451e-01 -9.801386594772338867e-01
-4.184773564338684082e-01 -1.073084950447082520e+00
-6.038938760757446289e-01 -7.911542654037475586e-01
-5.630188584327697754e-01 -8.427785038948059082e-01
-6.214945912361145020e-01 -7.703329324722290039e-01
-5.200319886207580566e-01 -9.026382565498352051e-01
-6.087993383407592773e-01 -7.852705717086791992e-01
-6.294323205947875977e-01 -7.611996531486511230e-01
-5.640130639076232910e-01 -8.414648175239562988e-01
-6.298173666000366211e-01 -7.607604265213012695e-01
-5.430303215980529785e-01 -8.698486089706420898e-01
-5.769085288047790527e-01 -8.246963620185852051e-01
-5.693117976188659668e-01 -8.345144987106323242e-01
-5.320889353752136230e-01 -8.852202296257019043e-01
-4.865934550762176514e-01 -9.537768363952636719e-01
-3.716375827789306641e-01 -1.169906616210937500e+00
-4.822107553482055664e-01 -9.608095288276672363e-01
-6.408617496490478516e-01 -7.483179569244384766e-01
-6.657103896141052246e-01 -7.213581800460815430e-01
-5.755963325500488281e-01 -8.263800144195556641e-01
-4.073300361633300781e-01 -1.094892978668212891e+00
-5.520681738853454590e-01 -8.574508428573608398e-01
-5.772999525070190430e-01 -8.241952061653137207e-01
-6.104410290718078613e-01 -7.833154201507568359e-01
-5.350837111473083496e-01 -8.809725046157836914e-01
-6.111407876014709473e-01 -7.824841737747192383e-01
-4.695520997047424316e-01 -9.815823435783386230e-01
-5.522482395172119141e-01 -8.572065234184265137e-01
-5.830679535865783691e-01 -8.168600797653198242e-01
-5.432848930358886719e-01 -8.694958686828613281e-01
-5.553080439567565918e-01 -8.530705571174621582e-01
-6.523296833038330078e-01 -7.357017993927001953e-01
-6.277250647544860840e-01 -7.631508111953735352e-01
-6.158296465873718262e-01 -7.769473791122436523e-01
-6.556237339973449707e-01 -7.321338057518005371e-01
-6.080073714256286621e-01 -7.862160801887512207e-01
-6.026600599288940430e-01 -7.926441431045532227e-01
-6.260353922843933105e-01 -7.650890350341796875e-01
-5.887242555618286133e-01 -8.097595572471618652e-01
-6.029593944549560547e-01 -7.922824025154113770e-01
-5.551704764366149902e-01 -8.532559275627136230e-01
-3.952866494655609131e-01 -1.119285345077514648e+00
-4.549644887447357178e-01 -1.006408333778381348e+00
-6.265764236450195312e-01 -7.644676566123962402e-01
-5.556835532188415527e-01 -8.525650501251220703e-01
-5.659562349319458008e-01 -8.389058709144592285e-01
-5.627124905586242676e-01 -8.431838154792785645e-01
-4.606035351753234863e-01 -9.966951012611389160e-01
-5.433614253997802734e-01 -8.693895339965820312e-01
-6.010541915893554688e-01 -7.945895791053771973e-01
-5.426173210144042969e-01 -8.704215884208679199e-01
-6.113873720169067383e-01 -7.821916341781616211e-01
-5.267305374145507812e-01 -8.928977251052856445e-01
-5.995078682899475098e-01 -7.964692115783691406e-01
-5.466753840446472168e-01 -8.648164868354797363e-01
-6.283690929412841797e-01 -7.624139785766601562e-01
-6.671900749206542969e-01 -7.197961211204528809e-01
-6.145087480545043945e-01 -7.785015106201171875e-01
-4.807186126708984375e-01 -9.632221460342407227e-01
-6.583340167999267578e-01 -7.292160391807556152e-01
-6.381639242172241211e-01 -7.513303160667419434e-01
-5.693927407264709473e-01 -8.344088792800903320e-01
-5.962857007980346680e-01 -8.004071116447448730e-01
-5.529963970184326172e-01 -8.561922907829284668e-01
-6.358819007873535156e-01 -7.538920640945434570e-01
-5.554965734481811523e-01 -8.528166413307189941e-01
-6.114154458045959473e-01 -7.821583151817321777e-01
-3.568648695945739746e-01 -1.203529715538024902e+00
-5.091454386711120605e-01 -9.188163876533508301e-01
-5.730243921279907227e-01 -8.296948671340942383e-01
-6.034165024757385254e-01 -7.917303442955017090e-01
-5.237278342247009277e-01 -8.972442746162414551e-01
-5.070014595985412598e-01 -9.220545291900634766e-01
-6.516970396041870117e-01 -7.363899350166320801e-01
-5.855935811996459961e-01 -8.136783838272094727e-01
-5.565074086189270020e-01 -8.514572978019714355e-01
-4.268078505992889404e-01 -1.057246565818786621e+00
-5.549788475036621094e-01 -8.535140752792358398e-01
-5.833077430725097656e-01 -8.165572285652160645e-01
-5.837025642395019531e-01 -8.160589933395385742e-01
-5.871791243553161621e-01 -8.116901516914367676e-01
-4.699766635894775391e-01 -9.808741807937622070e-01
-5.272883772850036621e-01 -8.920940160751342773e-01
-6.123487949371337891e-01 -7.810525298118591309e-01
-5.184512138366699219e-01 -9.049602746963500977e-01
-6.173336505889892578e-01 -7.751834392547607422e-01
-6.318045854568481445e-01 -7.585000991821289062e-01
-5.810611844062805176e-01 -8.194011449813842773e-01
-6.433850526809692383e-01 -7.455157637596130371e-01
-4.428521096706390381e-01 -1.027787208557128906e+00
-6.272627711296081543e-01 -7.636804580688476562e-01
-5.208021402359008789e-01 -9.015101790428161621e-01
-5.690271854400634766e-01 -8.348854780197143555e-01
-6.536192893981933594e-01 -7.343020439147949219e-01
-6.039230227470397949e-01 -7.911190986633300781e-01
-5.534029006958007812e-01 -8.556422591209411621e-01
