-6.970371603965759277e-01 -6.892722845077514648e-01
-6.134892106056213379e-01 -7.797040343284606934e-01
-7.113844156265258789e-01 -6.752365827560424805e-01
-6.857203245162963867e-01 -7.006295919418334961e-01
-7.045184373855590820e-01 -6.819038391113281250e-01
-6.157067418098449707e-01 -7.770919203758239746e-01
-6.609308719635009766e-01 -7.264360189437866211e-01
-6.824588179588317871e-01 -7.039509415626525879e-01
-6.364941000938415527e-01 -7.532035112380981445e-01
-6.609308719635009766e-01 -7.264360189437866211e-01
-6.803357005119323730e-01 -7.061249017715454102e-01
-4.956027567386627197e-01 -9.395686388015747070e-01
-6.967427134513854980e-01 -6.895644664764404297e-01
-5.956553220748901367e-01 -8.011805415153503418e-01
-5.232823491096496582e-01 -8.978919386863708496e-01
-4.956027567386627197e-01 -9.395686388015747070e-01
-6.488469839096069336e-01 -7.395012378692626953e-01
-6.906545162200927734e-01 -6.956460475921630859e-01
-7.096662521362304688e-01 -6.768966317176818848e-01
-5.585371255874633789e-01 -8.487379550933837891e-01
-6.590279340744018555e-01 -7.284718155860900879e-01
-6.363703012466430664e-01 -7.533427476882934570e-01
-6.682322621345520020e-01 -7.186987996101379395e-01
-6.820819973945617676e-01 -7.043361663818359375e-01
-6.364941000938415527e-01 -7.532035112380981445e-01
-7.415033578872680664e-01 -6.470218300819396973e-01
-6.770539879798889160e-01 -7.095035910606384277e-01
-6.134889125823974609e-01 -7.797043323516845703e-01
-6.824588179588317871e-01 -7.039509415626525879e-01
-6.609308719635009766e-01 -7.264360189437866211e-01
-7.022588849067687988e-01 -6.841177344322204590e-01
-4.874760210514068604e-01 -9.523704051971435547e-01
-7.148896455764770508e-01 -6.718673706054687500e-01
-6.896467804908752441e-01 -6.966599225997924805e-01
-6.558473706245422363e-01 -7.318924069404602051e-01
-7.042862772941589355e-01 -6.821308135986328125e-01
-6.904111504554748535e-01 -6.958906054496765137e-01
-7.520478963851928711e-01 -6.375235915184020996e-01
-6.060016751289367676e-01 -7.886183261871337891e-01
-7.245103120803833008e-01 -6.627379059791564941e-01
-7.208932638168334961e-01 -6.661502122879028320e-01
-6.900072693824768066e-01 -6.962969303131103516e-01
-6.996498107910156250e-01 -6.866865754127502441e-01
-7.388315200805664062e-01 -6.494590640068054199e-01
-7.127048969268798828e-01 -6.739646792411804199e-01
-6.583974361419677734e-01 -7.291480898857116699e-01
-7.277423143386840820e-01 -6.597089767456054688e-01
-6.980495452880859375e-01 -6.882687211036682129e-01
-6.364941000938415527e-01 -7.532035112380981445e-01
-5.598137974739074707e-01 -8.470339179039001465e-01
-7.181482911109924316e-01 -6.687559485435485840e-01
-6.945585608482360840e-01 -6.917378306388854980e-01
-7.127368450164794922e-01 -6.739339232444763184e-01
-6.237577199935913086e-01 -7.677130103111267090e-01
-6.609308719635009766e-01 -7.264360189437866211e-01
-6.609308719635009766e-01 -7.264360189437866211e-01
-7.127049565315246582e-01 -6.739646792411804199e-01
-4.956027567386627197e-01 -9.395686388015747070e-01
-7.520478963851928711e-01 -6.375235319137573242e-01
-6.945585608482360840e-01 -6.917378306388854980e-01
-7.287135720252990723e-01 -6.588023900985717773e-01
-7.073535323143005371e-01 -6.791398525238037109e-01
-6.780239939689636230e-01 -7.085026502609252930e-01
-7.265465855598449707e-01 -6.608273386955261230e-01
-4.956027567386627197e-01 -9.395686388015747070e-01
-7.302159667015075684e-01 -6.574035286903381348e-01
-7.245104908943176270e-01 -6.627377271652221680e-01
-6.984765529632568359e-01 -6.878460049629211426e-01
-7.127368450164794922e-01 -6.739339232444763184e-01
-6.616619825363159180e-01 -7.256560325622558594e-01
-6.803357601165771484e-01 -7.061248421669006348e-01
-6.885970830917358398e-01 -6.977181434631347656e-01
-7.345294952392578125e-01 -6.534094810485839844e-01
-7.633084654808044434e-01 -6.275873184204101562e-01
-7.134398818016052246e-01 -6.732581257820129395e-01
-6.837583184242248535e-01 -7.026250362396240234e-01
-6.609308719635009766e-01 -7.264360189437866211e-01
-6.989879608154296875e-01 -6.873403787612915039e-01
-6.338717937469482422e-01 -7.561588883399963379e-01
-6.364941000938415527e-01 -7.532035112380981445e-01
-6.283260583877563477e-01 -7.624630331993103027e-01
-5.606091618537902832e-01 -8.459749817848205566e-01
-6.837583184242248535e-01 -7.026250362396240234e-01
-4.956027567386627197e-01 -9.395686388015747070e-01
-4.956027567386627197e-01 -9.395686388015747070e-01
-6.996499300003051758e-01 -6.866865158081054688e-01
-6.954321861267089844e-01 -6.908673048019409180e-01
-7.097018957138061523e-01 -6.768619418144226074e-01
-7.045660614967346191e-01 -6.818572282791137695e-01
-7.520477771759033203e-01 -6.375236511230468750e-01
-6.996499300003051758e-01 -6.866865158081054688e-01
-7.520478963851928711e-01 -6.375235915184020996e-01
-6.965880990028381348e-01 -6.897180676460266113e-01
-6.763272285461425781e-01 -7.102549076080322266e-01
-6.777881979942321777e-01 -7.087456583976745605e-01
-7.520478963851928711e-01 -6.375235319137573242e-01
-6.609308719635009766e-01 -7.264360189437866211e-01
-6.961098313331604004e-01 -6.901932954788208008e-01
-6.663162112236022949e-01 -7.207180261611938477e-01
-4.093567132949829102e-01 -1.090874195098876953e+00
-4.799909591674804688e-01 -9.644023180007934570e-01
-6.298692226409912109e-01 -7.607014179229736328e-01
-5.342382192611694336e-01 -8.821686506271362305e-01
-7.535801529884338379e-01 -6.361591219902038574e-01
-7.197325229644775391e-01 -6.672502756118774414e-01
-5.478456020355224609e-01 -8.632100820541381836e-01
-7.411328554153442383e-01 -6.473590135574340820e-01
-6.292334198951721191e-01 -7.614264488220214844e-01
-5.884377360343933105e-01 -8.101171255111694336e-01
-7.287135720252990723e-01 -6.588023900985717773e-01
-6.945585608482360840e-01 -6.917378306388854980e-01
-7.562652826309204102e-01 -6.337775588035583496e-01
-6.492711901664733887e-01 -7.390370368957519531e-01
-6.980494260787963867e-01 -6.882688403129577637e-01
-6.152041554450988770e-01 -7.776827216148376465e-01
-6.967688798904418945e-01 -6.895385384559631348e-01
-4.956027567386627197e-01 -9.395686388015747070e-01
-7.277423739433288574e-01 -6.597088575363159180e-01
-6.745329499244689941e-01 -7.121144533157348633e-01
-6.996499300003051758e-01 -6.866865158081054688e-01
-6.070640087127685547e-01 -7.873447537422180176e-01
-6.364941000938415527e-01 -7.532035112380981445e-01
-2.180426120758056641e-01 -1.630105972290039062e+00
-6.926731467247009277e-01 -6.936214566230773926e-01
-6.989880204200744629e-01 -6.873402595520019531e-01
-6.803357601165771484e-01 -7.061248421669006348e-01
-6.772418618202209473e-01 -7.093096375465393066e-01
-5.836262106895446777e-01 -8.161551952362060547e-01
-6.934224963188171387e-01 -6.928719282150268555e-01
-6.609308719635009766e-01 -7.264360189437866211e-01
-7.025378942489624023e-01 -6.838437318801879883e-01
-7.030248641967773438e-01 -6.833660602569580078e-01
-6.679853796958923340e-01 -7.189584970474243164e-01
-7.439392805099487305e-01 -6.448107361793518066e-01
-7.032041549682617188e-01 -6.831902861595153809e-01
-6.674107313156127930e-01 -7.195635437965393066e-01
-6.237577199935913086e-01 -7.677130103111267090e-01
-7.133485078811645508e-01 -6.733458042144775391e-01
-6.415839791297912598e-01 -7.475143074989318848e-01
-6.984593272209167480e-01 -6.878631114959716797e-01
-7.060887217521667480e-01 -6.803709268569946289e-01
-6.803357005119323730e-01 -7.061250209808349609e-01
-6.794080138206481934e-01 -7.070778012275695801e-01
-7.076431512832641602e-01 -6.788582205772399902e-01
-6.609308719635009766e-01 -7.264360189437866211e-01
-6.914001703262329102e-01 -6.948972344398498535e-01
-6.664478182792663574e-01 -7.205790877342224121e-01
-6.384227275848388672e-01 -7.510406970977783203e-01
-5.498517155647277832e-01 -8.604666590690612793e-01
-7.188653945922851562e-01 -6.680737733840942383e-01
-6.765184998512268066e-01 -7.100570201873779297e-01
-7.016292810440063477e-01 -6.847363710403442383e-01
-6.311649680137634277e-01 -7.592265009880065918e-01
-6.590914726257324219e-01 -7.284036278724670410e-01
-7.133485078811645508e-01 -6.733458042144775391e-01
-7.436966896057128906e-01 -6.450304388999938965e-01
-6.609308719635009766e-01 -7.264360189437866211e-01
-6.653218865394592285e-01 -7.217689752578735352e-01
-7.520477771759033203e-01 -6.375236511230468750e-01
-7.133485078811645508e-01 -6.733458042144775391e-01
-5.712131261825561523e-01 -8.320410251617431641e-01
-7.917947173118591309e-01 -6.033630967140197754e-01
-7.011323571205139160e-01 -6.852251887321472168e-01
-6.787173151969909668e-01 -7.077883481979370117e-01
-3.032212555408477783e-01 -1.341074943542480469e+00
-7.520477771759033203e-01 -6.375236511230468750e-01
-6.364941000938415527e-01 -7.532035112380981445e-01
-4.093567132949829102e-01 -1.090874195098876953e+00
-6.622056365013122559e-01 -7.250767946243286133e-01
-6.969515085220336914e-01 -6.893572807312011719e-01
-5.279468297958374023e-01 -8.911464214324951172e-01
-6.291677355766296387e-01 -7.615014314651489258e-01
-6.808723807334899902e-01 -7.055743932723999023e-01
-6.803357005119323730e-01 -7.061248421669006348e-01
-6.938452720642089844e-01 -6.924496293067932129e-01
-6.675920486450195312e-01 -7.193726301193237305e-01
-7.127050161361694336e-01 -6.739645600318908691e-01
-6.939156055450439453e-01 -6.923793554306030273e-01
-6.678377389907836914e-01 -7.191140055656433105e-01
-6.989879608154296875e-01 -6.873403787612915039e-01
-7.133485078811645508e-01 -6.733458042144775391e-01
-6.509379744529724121e-01 -7.372167706489562988e-01
-6.582187414169311523e-01 -7.293398380279541016e-01
-5.982123613357543945e-01 -7.980490922927856445e-01
-7.073534131050109863e-01 -6.791399717330932617e-01
-7.045660614967346191e-01 -6.818572282791137695e-01
-6.945585608482360840e-01 -6.917378306388854980e-01
-4.956027567386627197e-01 -9.395686388015747070e-01
-7.074488401412963867e-01 -6.790471673011779785e-01
-6.356309652328491211e-01 -7.541745305061340332e-01
-6.609308719635009766e-01 -7.264360189437866211e-01
-6.571426987648010254e-01 -7.304965257644653320e-01
-6.609308719635009766e-01 -7.264360189437866211e-01
-4.718177914619445801e-01 -9.778129458427429199e-01
-7.147970795631408691e-01 -6.719560623168945312e-01
-7.080783247947692871e-01 -6.784357428550720215e-01
-6.942570209503173828e-01 -6.920385360717773438e-01
-7.633085250854492188e-01 -6.275873184204101562e-01
-6.609308719635009766e-01 -7.264360189437866211e-01
-7.296788692474365234e-01 -6.579031348228454590e-01
-6.711107492446899414e-01 -7.156801223754882812e-01
-7.470309734344482422e-01 -6.420189142227172852e-01
-6.668155193328857422e-01 -7.201910018920898438e-01
-7.075127363204956055e-01 -6.789849400520324707e-01
-6.354966163635253906e-01 -7.543256878852844238e-01
-6.906545162200927734e-01 -6.956460475921630859e-01
-6.986024379730224609e-01 -6.877215504646301270e-01
-6.897615194320678711e-01 -6.965444087982177734e-01
-6.947397589683532715e-01 -6.915571689605712891e-01
-7.044800519943237305e-01 -6.819413900375366211e-01
-7.520479559898376465e-01 -6.375235319137573242e-01
-6.083213090896606445e-01 -7.858409881591796875e-01
-7.133485078811645508e-01 -6.733458042144775391e-01
-7.259845137596130371e-01 -6.613539457321166992e-01
-6.408957839012145996e-01 -7.482801079750061035e-01
-6.609308719635009766e-01 -7.264360189437866211e-01
-6.535554528236389160e-01 -7.343713045120239258e-01
-6.609308719635009766e-01 -7.264360189437866211e-01
-6.906545162200927734e-01 -6.956461668014526367e-01
-5.311282873153686523e-01 -8.865894079208374023e-01
-6.850744485855102539e-01 -7.012856602668762207e-01
-6.474639773368835449e-01 -7.410176992416381836e-01
-6.937820911407470703e-01 -6.925126910209655762e-01
-7.200545072555541992e-01 -6.669449806213378906e-01
-5.727761387825012207e-01 -8.300158381462097168e-01
-7.029476165771484375e-01 -6.834418773651123047e-01
-6.408674120903015137e-01 -7.483116984367370605e-01
-6.752347946166992188e-01 -7.113862633705139160e-01
-6.534734964370727539e-01 -7.344601154327392578e-01
-6.469719409942626953e-01 -7.415581941604614258e-01
-7.382363677024841309e-01 -6.500036716461181641e-01
-6.364941000938415527e-01 -7.532035112380981445e-01
-6.976412534713745117e-01 -6.886732578277587891e-01
-6.888703703880310059e-01 -6.974424719810485840e-01
-7.148898839950561523e-01 -6.718671917915344238e-01
-6.531260609626770020e-01 -7.348369359970092773e-01
-7.145942449569702148e-01 -6.721503138542175293e-01
-5.984536409378051758e-01 -7.977545261383056641e-01
-6.980495452880859375e-01 -6.882687211036682129e-01
-6.945585608482360840e-01 -6.917378306388854980e-01
-6.364941000938415527e-01 -7.532035112380981445e-01
-7.520479559898376465e-01 -6.375235319137573242e-01
-6.714985966682434082e-01 -7.152748703956604004e-01
-6.609308719635009766e-01 -7.264360189437866211e-01
-7.287136912345886230e-01 -6.588023304939270020e-01
-6.143676638603210449e-01 -7.786676883697509766e-01
-7.360578179359436035e-01 -6.520023941993713379e-01
-6.609308719635009766e-01 -7.264360189437866211e-01
-6.892920136451721191e-01 -6.970171332359313965e-01
-6.609308719635009766e-01 -7.264360189437866211e-01
-6.826918125152587891e-01 -7.037129402160644531e-01
-7.328670024871826172e-01 -6.549448966979980469e-01
-6.718957424163818359e-01 -7.148599624633789062e-01
-7.436966300010681152e-01 -6.450304388999938965e-01
-6.824588179588317871e-01 -7.039510011672973633e-01
-6.148537993431091309e-01 -7.780951857566833496e-01
-5.984536409378051758e-01 -7.977545261383056641e-01
-6.671883463859558105e-01 -7.197978496551513672e-01
-6.945585608482360840e-01 -6.917378306388854980e-01
-6.958104372024536133e-01 -6.904910206794738770e-01
-7.285987138748168945e-01 -6.589095592498779297e-01
-6.906546354293823242e-01 -6.956460475921630859e-01
-7.265465855598449707e-01 -6.608273386955261230e-01
-7.664659023284912109e-01 -6.248387694358825684e-01
-7.520478963851928711e-01 -6.375235319137573242e-01
-7.592698931694030762e-01 -6.311268806457519531e-01
-6.609308719635009766e-01 -7.264360189437866211e-01
-6.338717937469482422e-01 -7.561588883399963379e-01
-6.251020431518554688e-01 -7.661626935005187988e-01
-6.914001703262329102e-01 -6.948971152305603027e-01
-6.989880204200744629e-01 -6.873403787612915039e-01
-4.956027567386627197e-01 -9.395686388015747070e-01
-6.635696291923522949e-01 -7.236261963844299316e-01
-6.168171167373657227e-01 -7.757886648178100586e-01
-6.874456405639648438e-01 -6.988813877105712891e-01
-6.191294789314270020e-01 -7.730844616889953613e-01
-6.535158753395080566e-01 -7.344142198562622070e-01
-6.856935620307922363e-01 -7.006568312644958496e-01
-6.152041554450988770e-01 -7.776827216148376465e-01
-7.198074460029602051e-01 -6.671793460845947266e-01
-6.558473706245422363e-01 -7.318924069404602051e-01
-6.615529060363769531e-01 -7.257723212242126465e-01
-7.197325229644775391e-01 -6.672502756118774414e-01
-7.562652826309204102e-01 -6.337776184082031250e-01
-5.806654095649719238e-01 -8.199036717414855957e-01
-6.999466419219970703e-01 -6.863936185836791992e-01
-7.388679981231689453e-01 -6.494257450103759766e-01
-6.494146585464477539e-01 -7.388801574707031250e-01
-6.989879608154296875e-01 -6.873403787612915039e-01
-5.860556960105895996e-01 -8.130982518196105957e-01
-6.989879608154296875e-01 -6.873403787612915039e-01
-3.876540362834930420e-01 -1.135215401649475098e+00
-6.364941000938415527e-01 -7.532035112380981445e-01
-5.985389351844787598e-01 -7.976505756378173828e-01
-6.698756217956542969e-01 -7.169733047485351562e-01
-6.942571401596069336e-01 -6.920384168624877930e-01
-6.526135802268981934e-01 -7.353934049606323242e-01
-6.609308719635009766e-01 -7.264360189437866211e-01
-6.996501088142395020e-01 -6.866863369941711426e-01
-5.700355768203735352e-01 -8.335715532302856445e-01
-7.551852464675903320e-01 -6.347339153289794922e-01
-6.803357601165771484e-01 -7.061249017715454102e-01
-7.917948365211486816e-01 -6.033630371093750000e-01
-7.302276492118835449e-01 -6.573926806449890137e-01
-6.721882820129394531e-01 -7.145547866821289062e-01
-6.674109101295471191e-01 -7.195634245872497559e-01
-6.824587583541870117e-01 -7.039511203765869141e-01
-6.958103775978088379e-01 -6.904910206794738770e-01
-7.661051750183105469e-01 -6.251520514488220215e-01
-7.352842092514038086e-01 -6.527141928672790527e-01
-7.436966896057128906e-01 -6.450304985046386719e-01
-6.824586987495422363e-01 -7.039511203765869141e-01
-6.609308719635009766e-01 -7.264360189437866211e-01
-6.906545162200927734e-01 -6.956461668014526367e-01
-5.841777324676513672e-01 -8.154596090316772461e-01
-5.629687309265136719e-01 -8.428446054458618164e-01
-6.673099398612976074e-01 -7.196697592735290527e-01
-6.945585608482360840e-01 -6.917378306388854980e-01
-6.364941000938415527e-01 -7.532035112380981445e-01
-6.926730275154113770e-01 -6.936215162277221680e-01
-6.824588179588317871e-01 -7.039510011672973633e-01
-6.060015559196472168e-01 -7.886185050010681152e-01
-6.840074062347412109e-01 -7.023712396621704102e-01
-7.667013406753540039e-01 -6.246346235275268555e-01
-6.667502522468566895e-01 -7.202598452568054199e-01
-6.609308719635009766e-01 -7.264360189437866211e-01
-7.672656774520874023e-01 -6.241452097892761230e-01
-6.507009267807006836e-01 -7.374752759933471680e-01
-6.989879012107849121e-01 -6.873404383659362793e-01
-6.824586987495422363e-01 -7.039511203765869141e-01
-7.180079817771911621e-01 -6.688893437385559082e-01
-7.133485078811645508e-01 -6.733458042144775391e-01
-7.045184373855590820e-01 -6.819038391113281250e-01
-6.902574300765991211e-01 -6.960453391075134277e-01
-6.609308719635009766e-01 -7.264360189437866211e-01
-6.609308719635009766e-01 -7.264360189437866211e-01
-6.702986955642700195e-01 -7.165299654006958008e-01
-6.803357601165771484e-01 -7.061248421669006348e-01
-7.436966896057128906e-01 -6.450303792953491211e-01
-7.127049565315246582e-01 -6.739645600318908691e-01
-7.520480155944824219e-01 -6.375235319137573242e-01
-6.112347245216369629e-01 -7.823726534843444824e-01
-7.085410952568054199e-01 -6.779866814613342285e-01
-6.548939347267150879e-01 -7.329221963882446289e-01
-6.945585608482360840e-01 -6.917378306388854980e-01
-6.087529063224792480e-01 -7.853258252143859863e-01
-7.562651038169860840e-01 -6.337777376174926758e-01
-6.780240535736083984e-01 -7.085025310516357422e-01
-7.045660614967346191e-01 -6.818572282791137695e-01
-7.061681151390075684e-01 -6.802935600280761719e-01
-7.231483459472656250e-01 -6.640199422836303711e-01
-6.996499300003051758e-01 -6.866865158081054688e-01
-3.800486624240875244e-01 -1.151469349861145020e+00
-7.085410356521606445e-01 -6.779868602752685547e-01
-7.023122906684875488e-01 -6.840652227401733398e-01
-6.492708921432495117e-01 -7.390371561050415039e-01
-6.803358197212219238e-01 -7.061247825622558594e-01
-6.234859228134155273e-01 -7.680268883705139160e-01
-6.678292751312255859e-01 -7.191227078437805176e-01
-6.986023783683776855e-01 -6.877215504646301270e-01
-7.287134528160095215e-01 -6.588025689125061035e-01
-6.558900475502014160e-01 -7.318462133407592773e-01
-7.085410356521606445e-01 -6.779868602752685547e-01
-6.674107313156127930e-01 -7.195634841918945312e-01
-7.134400606155395508e-01 -6.732580661773681641e-01
-7.338821291923522949e-01 -6.540068984031677246e-01
-6.824586987495422363e-01 -7.039511203765869141e-01
-5.992899537086486816e-01 -7.967347502708435059e-01
-6.790344119071960449e-01 -7.074620127677917480e-01
-6.033362150192260742e-01 -7.918272018432617188e-01
-7.462680339813232422e-01 -6.427063345909118652e-01
-6.609308719635009766e-01 -7.264360189437866211e-01
-6.733672022819519043e-01 -7.133262157440185547e-01
-6.727356314659118652e-01 -7.139841914176940918e-01
-6.480816006660461426e-01 -7.403400540351867676e-01
-7.045660614967346191e-01 -6.818572282791137695e-01
-6.989879608154296875e-01 -6.873403191566467285e-01
-6.609308719635009766e-01 -7.264360189437866211e-01
-7.520478963851928711e-01 -6.375235915184020996e-01
-5.490974783897399902e-01 -8.614965081214904785e-01
-4.093567132949829102e-01 -1.090874195098876953e+00
-6.248480677604675293e-01 -7.664551734924316406e-01
-6.609308719635009766e-01 -7.264360189437866211e-01
-7.570067644119262695e-01 -6.331219673156738281e-01
-6.803358197212219238e-01 -7.061249017715454102e-01
-7.068758010864257812e-01 -6.796044111251831055e-01
-6.711107492446899414e-01 -7.156801223754882812e-01
-6.727355122566223145e-01 -7.139842510223388672e-01
-6.980495452880859375e-01 -6.882687211036682129e-01
-7.664659023284912109e-01 -6.248388886451721191e-01
-6.233380436897277832e-01 -7.681978940963745117e-01
-6.364941000938415527e-01 -7.532035112380981445e-01
-7.208399176597595215e-01 -6.662006974220275879e-01
-6.352441310882568359e-01 -7.546101212501525879e-01
-7.917948961257934570e-01 -6.033629775047302246e-01
-6.609308719635009766e-01 -7.264360189437866211e-01
-6.906545758247375488e-01 -6.956460475921630859e-01
-6.914001703262329102e-01 -6.948972344398498535e-01
-7.277209758758544922e-01 -6.597288846969604492e-01
-6.970045566558837891e-01 -6.893045902252197266e-01
-6.145014762878417969e-01 -7.785100340843200684e-01
-4.102078974246978760e-01 -1.089193463325500488e+00
-6.609308719635009766e-01 -7.264360189437866211e-01
-6.670258641242980957e-01 -7.199692130088806152e-01
-6.582187414169311523e-01 -7.293398380279541016e-01
-6.609308719635009766e-01 -7.264360189437866211e-01
-6.609308719635009766e-01 -7.264360189437866211e-01
-7.520477771759033203e-01 -6.375238299369812012e-01
-6.840071082115173340e-01 -7.023715376853942871e-01
-6.109969615936279297e-01 -7.826550006866455078e-01
-7.049354314804077148e-01 -6.814963817596435547e-01
-6.347801089286804199e-01 -7.551332116127014160e-01
-6.352441310882568359e-01 -7.546101212501525879e-01
-6.958104968070983887e-01 -6.904910206794738770e-01
-6.980495452880859375e-01 -6.882688403129577637e-01
-6.322195529937744141e-01 -7.580292224884033203e-01
-7.045184969902038574e-01 -6.819036602973937988e-01
-7.127048969268798828e-01 -6.739645600318908691e-01
-6.052663922309875488e-01 -7.895016074180603027e-01
-6.858780384063720703e-01 -7.004696130752563477e-01
-7.127050161361694336e-01 -6.739645600318908691e-01
-6.609308719635009766e-01 -7.264360189437866211e-01
-6.969516277313232422e-01 -6.893572211265563965e-01
-6.609308719635009766e-01 -7.264360189437866211e-01
-4.956027567386627197e-01 -9.395686388015747070e-01
-6.925707459449768066e-01 -6.937238574028015137e-01
-6.364941000938415527e-01 -7.532035112380981445e-01
-6.719822287559509277e-01 -7.147698402404785156e-01
-7.004870176315307617e-01 -6.858608126640319824e-01
-6.678377389907836914e-01 -7.191140055656433105e-01
-7.520478963851928711e-01 -6.375236511230468750e-01
-7.127049565315246582e-01 -6.739646196365356445e-01
-6.376569867134094238e-01 -7.518983483314514160e-01
-1.804380118846893311e-01 -1.801230669021606445e+00
-7.287135124206542969e-01 -6.588023900985717773e-01
-7.008732557296752930e-01 -6.854803562164306641e-01
-6.548564434051513672e-01 -7.329627275466918945e-01
-6.778087019920349121e-01 -7.087245583534240723e-01
-6.591082811355590820e-01 -7.283856868743896484e-01
-6.931502223014831543e-01 -6.931442022323608398e-01
-6.364941000938415527e-01 -7.532035112380981445e-01
-6.364941000938415527e-01 -7.532035112380981445e-01
-6.430198550224304199e-01 -7.459203600883483887e-01
-7.177084684371948242e-01 -6.691746711730957031e-01
-7.793301343917846680e-01 -6.138060092926025391e-01
-5.994248986244201660e-01 -7.965703606605529785e-01
-6.449010372161865234e-01 -7.438395619392395020e-01
-6.413810849189758301e-01 -7.477400302886962891e-01
-6.803356409072875977e-01 -7.061250209808349609e-01
-7.142162919044494629e-01 -6.725128889083862305e-01
-6.989879012107849121e-01 -6.873403787612915039e-01
-7.411409616470336914e-01 -6.473518013954162598e-01
-4.347221180796623230e-02 -3.157291412353515625e+00
-6.609308719635009766e-01 -7.264360189437866211e-01
-5.794736146926879883e-01 -8.214197158813476562e-01
-6.609308719635009766e-01 -7.264360189437866211e-01
-5.709641575813293457e-01 -8.323642611503601074e-01
-6.151849627494812012e-01 -7.777054905891418457e-01
-6.957086920738220215e-01 -6.905921697616577148e-01
-7.027615308761596680e-01 -6.836244463920593262e-01
-7.320938110351562500e-01 -6.556606888771057129e-01
-6.220244765281677246e-01 -7.697183489799499512e-01
-2.008100450038909912e-01 -1.704120993614196777e+00
-6.609308719635009766e-01 -7.264360189437866211e-01
-2.616885304450988770e-01 -1.468592643737792969e+00
-6.609308719635009766e-01 -7.264360189437866211e-01
-7.045660614967346191e-01 -6.818572282791137695e-01
-6.803357601165771484e-01 -7.061248421669006348e-01
-6.984593272209167480e-01 -6.878631114959716797e-01
-6.906545162200927734e-01 -6.956460475921630859e-01
-6.437826156616210938e-01 -7.450757622718811035e-01
-6.364941000938415527e-01 -7.532035112380981445e-01
-7.593284249305725098e-01 -6.310753226280212402e-01
-4.956027567386627197e-01 -9.395686388015747070e-01
-7.020913362503051758e-01 -6.842823624610900879e-01
-7.047637701034545898e-01 -6.816639900207519531e-01
-6.859049797058105469e-01 -7.004421949386596680e-01
-7.778102755546569824e-01 -6.150959134101867676e-01
-6.485034823417663574e-01 -7.398773431777954102e-01
-6.723271012306213379e-01 -7.144100069999694824e-01
-5.838477611541748047e-01 -8.158756494522094727e-01
-5.741071105003356934e-01 -8.282970786094665527e-01
-6.844332814216613770e-01 -7.019377350807189941e-01
-7.559436559677124023e-01 -6.340621113777160645e-01
-6.996501088142395020e-01 -6.866863369941711426e-01
-6.692225337028503418e-01 -7.176581621170043945e-01
-6.851793527603149414e-01 -7.011790275573730469e-01
-6.998993158340454102e-01 -6.864402890205383301e-01
-5.681080818176269531e-01 -8.360857963562011719e-01
-6.609308719635009766e-01 -7.264360189437866211e-01
-6.939156055450439453e-01 -6.923793554306030273e-01
-5.897980332374572754e-01 -8.084216713905334473e-01
-6.926237940788269043e-01 -6.936708688735961914e-01
-6.926730871200561523e-01 -6.936215162277221680e-01
-7.470309734344482422e-01 -6.420189142227172852e-01
-6.609308719635009766e-01 -7.264360189437866211e-01
-6.736265420913696289e-01 -7.130563855171203613e-01
-6.840075850486755371e-01 -7.023711204528808594e-01
-6.580775380134582520e-01 -7.294916510581970215e-01
-4.956027567386627197e-01 -9.395686388015747070e-01
-6.609308719635009766e-01 -7.264360189437866211e-01
-7.238127589225769043e-01 -6.633940339088439941e-01
-7.258844375610351562e-01 -6.614477634429931641e-01
-7.633086442947387695e-01 -6.275871992111206055e-01
-7.337341904640197754e-01 -6.541433930397033691e-01
-6.913608312606811523e-01 -6.949366927146911621e-01
-7.258842587471008301e-01 -6.614478826522827148e-01
-7.528706789016723633e-01 -6.367904543876647949e-01
-7.254086732864379883e-01 -6.618940830230712891e-01
-7.520477771759033203e-01 -6.375236511230468750e-01
-7.238125801086425781e-01 -6.633941531181335449e-01
-7.318768501281738281e-01 -6.558617353439331055e-01
-3.540069758892059326e-01 -1.210225820541381836e+00
-6.894696354866027832e-01 -6.968383193016052246e-01
-7.684508562088012695e-01 -6.231192350387573242e-01
-3.389998376369476318e-01 -1.246471762657165527e+00
-6.609308719635009766e-01 -7.264360189437866211e-01
-7.133485078811645508e-01 -6.733458042144775391e-01
-6.750782132148742676e-01 -7.115486860275268555e-01
-7.245647311210632324e-01 -6.626867055892944336e-01
-7.258844375610351562e-01 -6.614478230476379395e-01
-7.007046937942504883e-01 -6.856462359428405762e-01
-7.222474813461303711e-01 -6.648697853088378906e-01
-7.633436322212219238e-01 -6.275567412376403809e-01
-6.540115475654602051e-01 -7.338770627975463867e-01
-2.920772433280944824e-01 -1.373223543167114258e+00
-7.133485078811645508e-01 -6.733458042144775391e-01
-7.405338287353515625e-01 -6.479048132896423340e-01
-7.405339479446411133e-01 -6.479047536849975586e-01
-7.299033403396606445e-01 -6.576943397521972656e-01
-6.803358197212219238e-01 -7.061249017715454102e-01
-7.397717237472534180e-01 -6.486000418663024902e-01
-7.520480155944824219e-01 -6.375235319137573242e-01
-6.906545162200927734e-01 -6.956461071968078613e-01
-7.520477175712585449e-01 -6.375237107276916504e-01
-6.907204985618591309e-01 -6.955798268318176270e-01
-7.091981768608093262e-01 -6.773496270179748535e-01
-6.987220048904418945e-01 -6.876032948493957520e-01
-6.671884059906005859e-01 -7.197978496551513672e-01
-7.101467251777648926e-01 -6.764317154884338379e-01
-7.229808568954467773e-01 -6.641778349876403809e-01
-2.920772433280944824e-01 -1.373223543167114258e+00
-7.268523573875427246e-01 -6.605411767959594727e-01
-7.046783566474914551e-01 -6.817474365234375000e-01
-7.337341904640197754e-01 -6.541433930397033691e-01
-6.787174940109252930e-01 -7.077882289886474609e-01
-7.127048969268798828e-01 -6.739646196365356445e-01
-7.318768501281738281e-01 -6.558618545532226562e-01
-6.787172555923461914e-01 -7.077883481979370117e-01
-7.520479559898376465e-01 -6.375235319137573242e-01
-7.392087578773498535e-01 -6.491141915321350098e-01
-7.154701948165893555e-01 -6.713116765022277832e-01
-3.540069758892059326e-01 -1.210225820541381836e+00
-6.989879608154296875e-01 -6.873403191566467285e-01
-6.951306462287902832e-01 -6.911676526069641113e-01
-7.793301939964294434e-01 -6.138059496879577637e-01
-6.404518485069274902e-01 -7.487744688987731934e-01
-7.238126993179321289e-01 -6.633940339088439941e-01
-7.401046156883239746e-01 -6.482961773872375488e-01
-2.920772433280944824e-01 -1.373223543167114258e+00
-7.050453424453735352e-01 -6.813889145851135254e-01
-7.246550321578979492e-01 -6.626018285751342773e-01
-3.525395691394805908e-01 -1.213688969612121582e+00
-7.133485078811645508e-01 -6.733458042144775391e-01
-7.012926936149597168e-01 -6.850674152374267578e-01
-6.638091206550598145e-01 -7.233720421791076660e-01
-7.917948961257934570e-01 -6.033630967140197754e-01
-7.007047533988952637e-01 -6.856462955474853516e-01
-6.980494260787963867e-01 -6.882688403129577637e-01
-7.586112022399902344e-01 -6.317065954208374023e-01
-6.248517632484436035e-01 -7.664510011672973633e-01
-6.980496048927307129e-01 -6.882687211036682129e-01
-6.926731467247009277e-01 -6.936214566230773926e-01
-6.485480070114135742e-01 -7.398287057876586914e-01
-7.127369642257690430e-01 -6.739337444305419922e-01
-6.874457001686096191e-01 -6.988813877105712891e-01
-6.808722615242004395e-01 -7.055745124816894531e-01
-7.562652230262756348e-01 -6.337776780128479004e-01
-6.454017758369445801e-01 -7.432870268821716309e-01
-7.562651634216308594e-01 -6.337776780128479004e-01
-7.436965703964233398e-01 -6.450304985046386719e-01
-6.989879608154296875e-01 -6.873403787612915039e-01
-7.225047945976257324e-01 -6.646268963813781738e-01
-2.699814140796661377e-01 -1.441357374191284180e+00
-7.191065549850463867e-01 -6.678448319435119629e-01
-2.920772433280944824e-01 -1.373223543167114258e+00
-6.507010459899902344e-01 -7.374752163887023926e-01
-6.982087492942810059e-01 -6.881111860275268555e-01
-6.609308719635009766e-01 -7.264360189437866211e-01
-7.258843779563903809e-01 -6.614478230476379395e-01
-7.234724164009094238e-01 -6.637145280838012695e-01
-6.927708983421325684e-01 -6.935236454010009766e-01
-7.633086442947387695e-01 -6.275871992111206055e-01
-7.724783420562744141e-01 -6.196493506431579590e-01
-3.225009143352508545e-01 -1.288570046424865723e+00
-7.042863368988037109e-01 -6.821308135986328125e-01
-6.609308719635009766e-01 -7.264360189437866211e-01
-6.308248043060302734e-01 -7.596132159233093262e-01
-7.520478963851928711e-01 -6.375236511230468750e-01
-6.775435209274291992e-01 -7.089980840682983398e-01
-6.942571401596069336e-01 -6.920384168624877930e-01
-7.917948365211486816e-01 -6.033630371093750000e-01
-3.455238044261932373e-01 -1.230486154556274414e+00
-7.258844375610351562e-01 -6.614478230476379395e-01
-6.989879012107849121e-01 -6.873404383659362793e-01
-6.344286799430847168e-01 -7.555298209190368652e-01
-7.520477175712585449e-01 -6.375236511230468750e-01
-6.962655782699584961e-01 -6.900384426116943359e-01
-6.962655782699584961e-01 -6.900384426116943359e-01
-7.520477771759033203e-01 -6.375236511230468750e-01
-7.049353122711181641e-01 -6.814963817596435547e-01
-7.382363080978393555e-01 -6.500036716461181641e-01
-7.380429506301879883e-01 -6.501807570457458496e-01
-7.628210186958312988e-01 -6.280131340026855469e-01
-6.808342933654785156e-01 -7.056134939193725586e-01
-6.581646203994750977e-01 -7.293980717658996582e-01
-7.277424931526184082e-01 -6.597087383270263672e-01
-2.920772433280944824e-01 -1.373223543167114258e+00
-7.154701948165893555e-01 -6.713115572929382324e-01
-7.269245982170104980e-01 -6.604734063148498535e-01
-7.747448682785034180e-01 -6.177083253860473633e-01
-3.540069758892059326e-01 -1.210225820541381836e+00
-7.198044061660766602e-01 -6.671821475028991699e-01
-7.007047533988952637e-01 -6.856462359428405762e-01
-7.056906223297119141e-01 -6.807591915130615234e-01
-6.019021272659301758e-01 -7.935616374015808105e-01
-7.007047533988952637e-01 -6.856462955474853516e-01
-7.520478963851928711e-01 -6.375235319137573242e-01
-7.011995315551757812e-01 -6.851592063903808594e-01
-7.266327738761901855e-01 -6.607466936111450195e-01
-2.920772433280944824e-01 -1.373223543167114258e+00
-7.466902732849121094e-01 -6.423258185386657715e-01
-6.962656378746032715e-01 -6.900384426116943359e-01
-7.470310330390930176e-01 -6.420189142227172852e-01
-6.803357005119323730e-01 -7.061250209808349609e-01
-7.091981768608093262e-01 -6.773496270179748535e-01
-6.211434006690979004e-01 -7.707405686378479004e-01
-7.724785804748535156e-01 -6.196492910385131836e-01
-3.540069758892059326e-01 -1.210225820541381836e+00
-7.119992971420288086e-01 -6.746439337730407715e-01
-7.545557022094726562e-01 -6.352925300598144531e-01
-6.709089279174804688e-01 -7.158913016319274902e-01
-2.708801329135894775e-01 -1.438463330268859863e+00
-6.850939393043518066e-01 -7.012658119201660156e-01
-6.279151439666748047e-01 -7.629332542419433594e-01
-7.520477771759033203e-01 -6.375236511230468750e-01
-6.193436980247497559e-01 -7.728347778320312500e-01
-6.680811047554016113e-01 -7.188577055931091309e-01
-6.982698440551757812e-01 -6.880505681037902832e-01
-6.799761056900024414e-01 -7.064940333366394043e-01
-1.225565224885940552e-01 -2.159835815429687500e+00
-6.982698440551757812e-01 -6.880505681037902832e-01
-3.540069758892059326e-01 -1.210225820541381836e+00
-7.204222679138183594e-01 -6.665962934494018555e-01
-6.942569017410278320e-01 -6.920386552810668945e-01
-7.121557593345642090e-01 -6.744931340217590332e-01
-7.258844375610351562e-01 -6.614477634429931641e-01
-6.926730871200561523e-01 -6.936215758323669434e-01
-7.287134528160095215e-01 -6.588025689125061035e-01
-7.648811340332031250e-01 -6.262164115905761719e-01
-7.664657831192016602e-01 -6.248388886451721191e-01
-6.980494260787963867e-01 -6.882688403129577637e-01
-6.931020021438598633e-01 -6.931924223899841309e-01
-3.540069758892059326e-01 -1.210225820541381836e+00
-6.524596214294433594e-01 -7.355606555938720703e-01
-7.087062597274780273e-01 -6.778264641761779785e-01
-6.970044970512390137e-01 -6.893045902252197266e-01
-6.964018344879150391e-01 -6.899031400680541992e-01
-7.490292787551879883e-01 -6.402232050895690918e-01
-7.469358444213867188e-01 -6.421046257019042969e-01
-6.803357601165771484e-01 -7.061248421669006348e-01
-7.068853378295898438e-01 -6.795951128005981445e-01
-6.676760911941528320e-01 -7.192841768264770508e-01
-3.540069758892059326e-01 -1.210225820541381836e+00
-7.633085250854492188e-01 -6.275873184204101562e-01
-6.622788906097412109e-01 -7.249986529350280762e-01
-6.924748420715332031e-01 -6.938199996948242188e-01
-7.011996507644653320e-01 -6.851590871810913086e-01
-6.843242049217224121e-01 -7.020487785339355469e-01
-7.353090047836303711e-01 -6.526913642883300781e-01
-7.091981768608093262e-01 -6.773496270179748535e-01
-7.146800756454467773e-01 -6.720682382583618164e-01
-7.017924785614013672e-01 -6.845758557319641113e-01
-6.958103179931640625e-01 -6.904910206794738770e-01
-7.280048131942749023e-01 -6.594636440277099609e-01
-7.050569653511047363e-01 -6.813775300979614258e-01
-7.917946577072143555e-01 -6.033630967140197754e-01
-7.127049565315246582e-01 -6.739646196365356445e-01
-7.007046937942504883e-01 -6.856463551521301270e-01
-7.913920283317565918e-01 -6.036968827247619629e-01
-6.773213148117065430e-01 -7.092275619506835938e-01
-7.405339479446411133e-01 -6.479046344757080078e-01
-7.466900348663330078e-01 -6.423259973526000977e-01
-7.277425527572631836e-01 -6.597086787223815918e-01
-6.954320669174194336e-01 -6.908674836158752441e-01
-7.254087924957275391e-01 -6.618939042091369629e-01
-6.473343372344970703e-01 -7.411600351333618164e-01
-7.470309734344482422e-01 -6.420190334320068359e-01
-7.612701654434204102e-01 -6.293703913688659668e-01
-6.202607750892639160e-01 -7.717666029930114746e-01
-7.238125801086425781e-01 -6.633941531181335449e-01
-7.318768501281738281e-01 -6.558617353439331055e-01
-6.792272925376892090e-01 -7.072635889053344727e-01
-6.517413258552551270e-01 -7.363419532775878906e-01
-2.920772433280944824e-01 -1.373223543167114258e+00
-7.091981768608093262e-01 -6.773496270179748535e-01
-7.221103906631469727e-01 -6.649992465972900391e-01
-7.127367258071899414e-01 -6.739339828491210938e-01
-2.868758738040924072e-01 -1.388716816902160645e+00
-7.133485078811645508e-01 -6.733458042144775391e-01
-6.803357601165771484e-01 -7.061248421669006348e-01
-7.258843183517456055e-01 -6.614478230476379395e-01
-6.971215605735778809e-01 -6.891885399818420410e-01
-7.318768501281738281e-01 -6.558618545532226562e-01
-2.974867820739746094e-01 -1.357444286346435547e+00
-6.558473706245422363e-01 -7.318924665451049805e-01
-6.475415825843811035e-01 -7.409324049949645996e-01
-6.961939334869384766e-01 -6.901096701622009277e-01
-7.697639465332031250e-01 -6.219850778579711914e-01
-7.359982132911682129e-01 -6.520572304725646973e-01
-7.092059850692749023e-01 -6.773422956466674805e-01
-6.803355813026428223e-01 -7.061250209808349609e-01
-7.529218196868896484e-01 -6.367449164390563965e-01
-6.803358197212219238e-01 -7.061247825622558594e-01
-7.011830210685729980e-01 -6.851752996444702148e-01
-6.819821596145629883e-01 -7.044383287429809570e-01
-7.191064357757568359e-01 -6.678448319435119629e-01
-6.989880204200744629e-01 -6.873403787612915039e-01
-3.536343276500701904e-01 -1.211103796958923340e+00
-6.940248608589172363e-01 -6.922703385353088379e-01
-7.127369046211242676e-01 -6.739339232444763184e-01
-6.674108505249023438e-01 -7.195634245872497559e-01
-7.021692395210266113e-01 -6.842058300971984863e-01
-7.258844971656799316e-01 -6.614477038383483887e-01
-7.222954034805297852e-01 -6.648246049880981445e-01
-6.339069604873657227e-01 -7.561190724372863770e-01
-6.698896288871765137e-01 -7.169585824012756348e-01
-7.204222679138183594e-01 -6.665962934494018555e-01
-7.075738310813903809e-01 -6.789256930351257324e-01
-6.772417426109313965e-01 -7.093096971511840820e-01
-7.465671896934509277e-01 -6.424366235733032227e-01
-6.926730871200561523e-01 -6.936215162277221680e-01
-7.091981768608093262e-01 -6.773496270179748535e-01
-6.961939334869384766e-01 -6.901097297668457031e-01
-7.329386472702026367e-01 -6.548786163330078125e-01
-2.670800983905792236e-01 -1.450776338577270508e+00
-7.127367854118347168e-01 -6.739339828491210938e-01
-2.920772433280944824e-01 -1.373223543167114258e+00
-7.258089184761047363e-01 -6.615185737609863281e-01
-2.859691977500915527e-01 -1.391450643539428711e+00
-6.926730275154113770e-01 -6.936215162277221680e-01
-6.803357005119323730e-01 -7.061249017715454102e-01
-6.940191984176635742e-01 -6.922758817672729492e-01
-6.107552647590637207e-01 -7.829419970512390137e-01
-7.041348218917846680e-01 -6.822790503501892090e-01
-7.392085790634155273e-01 -6.491142511367797852e-01
-6.906545162200927734e-01 -6.956461071968078613e-01
-7.096713781356811523e-01 -6.768915653228759766e-01
-7.223020195960998535e-01 -6.648183465003967285e-01
-6.803358197212219238e-01 -7.061247825622558594e-01
-6.939771175384521484e-01 -6.923179626464843750e-01
-6.398535370826721191e-01 -7.494416832923889160e-01
-7.254086732864379883e-01 -6.618940234184265137e-01
-6.982699632644653320e-01 -6.880505084991455078e-01
-6.657567024230957031e-01 -7.213091254234313965e-01
-7.645923495292663574e-01 -6.264677643775939941e-01
-7.245104312896728516e-01 -6.627377867698669434e-01
-6.907203197479248047e-01 -6.955800056457519531e-01
-6.466073393821716309e-01 -7.419592142105102539e-01
-7.633086442947387695e-01 -6.275873184204101562e-01
-7.171759605407714844e-01 -6.696823239326477051e-01
-7.258844375610351562e-01 -6.614477038383483887e-01
-7.112546563148498535e-01 -6.753617525100708008e-01
-6.692223548889160156e-01 -7.176583409309387207e-01
-6.720778942108154297e-01 -7.146700024604797363e-01
-6.046392917633056641e-01 -7.902560830116271973e-01
-7.436965703964233398e-01 -6.450304985046386719e-01
-2.765895128250122070e-01 -1.420329928398132324e+00
-6.984766721725463867e-01 -6.878460049629211426e-01
-3.200509846210479736e-01 -1.295035958290100098e+00
-2.920772433280944824e-01 -1.373223543167114258e+00
-6.596818566322326660e-01 -7.277712821960449219e-01
-6.623644828796386719e-01 -7.249075770378112793e-01
-6.633762717247009277e-01 -7.238315939903259277e-01
-6.989696621894836426e-01 -6.873583197593688965e-01
-7.119992971420288086e-01 -6.746439933776855469e-01
-6.989880204200744629e-01 -6.873403787612915039e-01
-7.678049802780151367e-01 -6.236780285835266113e-01
-7.238126993179321289e-01 -6.633940935134887695e-01
-7.073533535003662109e-01 -6.791399717330932617e-01
-6.668105721473693848e-01 -7.201961874961853027e-01
-7.787173390388488770e-01 -6.143256425857543945e-01
-7.105758190155029297e-01 -6.760170459747314453e-01
-7.529221177101135254e-01 -6.367446184158325195e-01
-7.277423143386840820e-01 -6.597088575363159180e-01
-7.633084654808044434e-01 -6.275874376296997070e-01
-6.671884059906005859e-01 -7.197978496551513672e-01
-3.540069758892059326e-01 -1.210225820541381836e+00
-7.520477771759033203e-01 -6.375236511230468750e-01
-7.392086982727050781e-01 -6.491141915321350098e-01
-7.778103351593017578e-01 -6.150957345962524414e-01
-6.466069817543029785e-01 -7.419595122337341309e-01
-6.906545162200927734e-01 -6.956460475921630859e-01
-3.540069758892059326e-01 -1.210225820541381836e+00
-7.389223575592041016e-01 -6.493759751319885254e-01
-6.803357005119323730e-01 -7.061250209808349609e-01
-6.980495452880859375e-01 -6.882687807083129883e-01
-7.133485078811645508e-01 -6.733458042144775391e-01
-6.939771175384521484e-01 -6.923179626464843750e-01
-6.719126701354980469e-01 -7.148424386978149414e-01
-3.540069758892059326e-01 -1.210225820541381836e+00
-7.190567851066589355e-01 -6.678919196128845215e-01
-7.130050659179687500e-01 -6.736758947372436523e-01
-6.906545162200927734e-01 -6.956460475921630859e-01
-7.133485078811645508e-01 -6.733458042144775391e-01
-7.277424335479736328e-01 -6.597088575363159180e-01
-6.850940585136413574e-01 -7.012655735015869141e-01
-7.303154468536376953e-01 -6.573110222816467285e-01
-7.007046937942504883e-01 -6.856463551521301270e-01
-7.007046937942504883e-01 -6.856462359428405762e-01
-6.664436459541320801e-01 -7.205833196640014648e-01
-6.864346861839294434e-01 -6.999049782752990723e-01
-7.520479559898376465e-01 -6.375235319137573242e-01
-3.652698099613189697e-01 -1.184200882911682129e+00
-2.920772433280944824e-01 -1.373223543167114258e+00
-6.926239728927612305e-01 -6.936707496643066406e-01
-6.803357601165771484e-01 -7.061249017715454102e-01
-6.942571401596069336e-01 -6.920385360717773438e-01
-7.021694779396057129e-01 -6.842055320739746094e-01
-7.280049324035644531e-01 -6.594635248184204102e-01
-6.664986610412597656e-01 -7.205252647399902344e-01
-6.978527307510375977e-01 -6.884636282920837402e-01
-7.132369279861450195e-01 -6.734532117843627930e-01
-6.838198900222778320e-01 -7.025622725486755371e-01
-6.939769983291625977e-01 -6.923180222511291504e-01
-2.920772433280944824e-01 -1.373223543167114258e+00
-2.920772433280944824e-01 -1.373223543167114258e+00
-7.392086386680603027e-01 -6.491141915321350098e-01
-6.781683564186096191e-01 -7.083538174629211426e-01
-7.470309734344482422e-01 -6.420189142227172852e-01
-6.674106717109680176e-01 -7.195635437965393066e-01
-7.133485078811645508e-01 -6.733458042144775391e-01
-6.633496284484863281e-01 -7.238599658012390137e-01
-7.118574976921081543e-01 -6.747805476188659668e-01
-6.558473706245422363e-01 -7.318924665451049805e-01
-7.520477175712585449e-01 -6.375237107276916504e-01
-7.091981768608093262e-01 -6.773496270179748535e-01
-6.926468610763549805e-01 -6.936476826667785645e-01
-6.964261531829833984e-01 -6.898788809776306152e-01
-7.205782532691955566e-01 -6.664484143257141113e-01
-7.258844375610351562e-01 -6.614478230476379395e-01
-6.939128637313842773e-01 -6.923821568489074707e-01
-3.540069758892059326e-01 -1.210225820541381836e+00
-2.920772433280944824e-01 -1.373223543167114258e+00
-7.056115865707397461e-01 -6.808363199234008789e-01
-6.926730871200561523e-01 -6.936213970184326172e-01
-7.105758190155029297e-01 -6.760170459747314453e-01
-6.539960503578186035e-01 -7.338938117027282715e-01
-7.520478963851928711e-01 -6.375235319137573242e-01
-7.436965107917785645e-01 -6.450304985046386719e-01
-7.436966896057128906e-01 -6.450304985046386719e-01
-6.688580513000488281e-01 -7.180410027503967285e-01
-7.163742184638977051e-01 -6.704474687576293945e-01
-7.058528661727905273e-01 -6.806009411811828613e-01
-7.520478963851928711e-01 -6.375236511230468750e-01
-6.957112550735473633e-01 -6.905896067619323730e-01
-7.382363677024841309e-01 -6.500036120414733887e-01
-7.027824521064758301e-01 -6.836038827896118164e-01
-7.133485078811645508e-01 -6.733458042144775391e-01
-7.428930997848510742e-01 -6.457591056823730469e-01
-3.345564901828765869e-01 -1.257568597793579102e+00
-6.643590927124023438e-01 -7.227886319160461426e-01
-6.876393556594848633e-01 -6.986855268478393555e-01
-7.179641723632812500e-01 -6.689311265945434570e-01
-7.127368450164794922e-01 -6.739338636398315430e-01
-7.392087578773498535e-01 -6.491141915321350098e-01
-6.954320669174194336e-01 -6.908674836158752441e-01
-7.427757978439331055e-01 -6.458655595779418945e-01
-7.027824521064758301e-01 -6.836038827896118164e-01
-6.915570497512817383e-01 -6.947398781776428223e-01
-6.987220048904418945e-01 -6.876032948493957520e-01
-6.926729679107666016e-01 -6.936216354370117188e-01
-7.520477771759033203e-01 -6.375236511230468750e-01
-7.119991779327392578e-01 -6.746440529823303223e-01
-5.783119201660156250e-01 -8.229013681411743164e-01
-6.696977019309997559e-01 -7.171596884727478027e-01
-6.596816778182983398e-01 -7.277715206146240234e-01
-7.154702544212341309e-01 -6.713115572929382324e-01
-6.396030187606811523e-01 -7.497214674949645996e-01
-6.926730871200561523e-01 -6.936215162277221680e-01
-7.436966896057128906e-01 -6.450303792953491211e-01
-7.151014208793640137e-01 -6.716645956039428711e-01
-6.807705760002136230e-01 -7.056788802146911621e-01
-7.023131847381591797e-01 -6.840643882751464844e-01
-7.917948961257934570e-01 -6.033630371093750000e-01
-7.249381542205810547e-01 -6.623357534408569336e-01
-2.920772433280944824e-01 -1.373223543167114258e+00
-6.684778928756713867e-01 -7.184405326843261719e-01
-2.869859933853149414e-01 -1.388385653495788574e+00
-3.540069758892059326e-01 -1.210225820541381836e+00
-7.146326899528503418e-01 -6.721135973930358887e-01
-6.803358197212219238e-01 -7.061247825622558594e-01
-7.545554637908935547e-01 -6.352926492691040039e-01
-2.920772433280944824e-01 -1.373223543167114258e+00
-7.388315200805664062e-01 -6.494590044021606445e-01
-6.657034754753112793e-01 -7.213653326034545898e-01
-7.392086386680603027e-01 -6.491141915321350098e-01
-7.520478963851928711e-01 -6.375235915184020996e-01
-7.382364273071289062e-01 -6.500036716461181641e-01
-6.655806899070739746e-01 -7.214952111244201660e-01
-6.845988035202026367e-01 -7.017693519592285156e-01
-6.772917509078979492e-01 -7.092580795288085938e-01
-7.261633872985839844e-01 -6.611863374710083008e-01
-6.989880800247192383e-01 -6.873402595520019531e-01
-6.803357005119323730e-01 -7.061248421669006348e-01
-7.091981768608093262e-01 -6.773496270179748535e-01
-6.609308719635009766e-01 -7.264360189437866211e-01
-6.985003948211669922e-01 -6.878225207328796387e-01
-7.342837452888488770e-01 -6.536361575126647949e-01
-7.716246843338012695e-01 -6.203827261924743652e-01
-6.608784198760986328e-01 -7.264919281005859375e-01
-6.838198900222778320e-01 -7.025622725486755371e-01
-7.633086442947387695e-01 -6.275871992111206055e-01
-7.075955867767333984e-01 -6.789045333862304688e-01
-7.127050161361694336e-01 -6.739645600318908691e-01
-6.926730871200561523e-01 -6.936215162277221680e-01
-6.658569574356079102e-01 -7.212030887603759766e-01
-7.664657831192016602e-01 -6.248388886451721191e-01
-7.337341904640197754e-01 -6.541433930397033691e-01
-6.907182335853576660e-01 -6.955821514129638672e-01
-6.688580513000488281e-01 -7.180410027503967285e-01
-6.874534487724304199e-01 -6.988735198974609375e-01
-6.872321367263793945e-01 -6.990973949432373047e-01
-6.189946532249450684e-01 -7.732419371604919434e-01
-6.787173748016357422e-01 -7.077883481979370117e-01
-7.127049565315246582e-01 -6.739646792411804199e-01
-6.609308719635009766e-01 -7.264360189437866211e-01
-7.091981768608093262e-01 -6.773496270179748535e-01
-7.081325054168701172e-01 -6.783830523490905762e-01
-7.388315200805664062e-01 -6.494591236114501953e-01
-6.609308719635009766e-01 -7.264360189437866211e-01
-6.609308719635009766e-01 -7.264360189437866211e-01
-7.258844375610351562e-01 -6.614477038383483887e-01
-6.733415722846984863e-01 -7.133530378341674805e-01
-6.671333909034729004e-01 -7.198557853698730469e-01
-6.840072274208068848e-01 -7.023714780807495117e-01
-6.198604106903076172e-01 -7.722325921058654785e-01
-7.133485078811645508e-01 -6.733458042144775391e-01
-7.047637701034545898e-01 -6.816639900207519531e-01
-7.824319601058959961e-01 -6.111847758293151855e-01
-6.926732063293457031e-01 -6.936213970184326172e-01
-7.520478367805480957e-01 -6.375236511230468750e-01
-2.835443019866943359e-01 -1.398811340332031250e+00
-6.787173748016357422e-01 -7.077882885932922363e-01
-6.976410746574401855e-01 -6.886733770370483398e-01
-7.245103120803833008e-01 -6.627379059791564941e-01
-3.540069758892059326e-01 -1.210225820541381836e+00
-6.799761056900024414e-01 -7.064940333366394043e-01
-2.765895128250122070e-01 -1.420329928398132324e+00
-7.434049844741821289e-01 -6.452947854995727539e-01
-6.984766125679016113e-01 -6.878460645675659180e-01
-7.091981768608093262e-01 -6.773496270179748535e-01
-6.719126701354980469e-01 -7.148424386978149414e-01
-7.258844971656799316e-01 -6.614477038383483887e-01
-7.127368450164794922e-01 -6.739339232444763184e-01
-6.926237344741821289e-01 -6.936708688735961914e-01
-6.942571401596069336e-01 -6.920384764671325684e-01
-7.387208938598632812e-01 -6.495600938796997070e-01
-6.674110293388366699e-01 -7.195631265640258789e-01
-7.165812253952026367e-01 -6.702497005462646484e-01
-6.550378799438476562e-01 -7.327664494514465332e-01
-7.127048969268798828e-01 -6.739646792411804199e-01
-7.126924991607666016e-01 -6.739766001701354980e-01
-6.926730871200561523e-01 -6.936215162277221680e-01
-7.133485078811645508e-01 -6.733458042144775391e-01
-6.980495452880859375e-01 -6.882687211036682129e-01
-3.593601584434509277e-01 -1.197735309600830078e+00
-7.254087924957275391e-01 -6.618939638137817383e-01
-7.779235243797302246e-01 -6.149995326995849609e-01
-3.540179133415222168e-01 -1.210200071334838867e+00
-6.803357601165771484e-01 -7.061249017715454102e-01
-6.926730275154113770e-01 -6.936215162277221680e-01
-7.078211307525634766e-01 -6.786854267120361328e-01
-7.409914135932922363e-01 -6.474879384040832520e-01
-6.870359778404235840e-01 -6.992959380149841309e-01
-7.007046937942504883e-01 -6.856462955474853516e-01
-7.268363237380981445e-01 -6.605561971664428711e-01
-6.833869814872741699e-01 -7.030035853385925293e-01
-6.339069604873657227e-01 -7.561190724372863770e-01
-6.596816778182983398e-01 -7.277715206146240234e-01
-6.961939334869384766e-01 -6.901097893714904785e-01
-1.225565224885940552e-01 -2.159835815429687500e+00
-6.609308719635009766e-01 -7.264360189437866211e-01
-7.238126993179321289e-01 -6.633940339088439941e-01
-7.258844375610351562e-01 -6.614477038383483887e-01
-7.011996507644653320e-01 -6.851590871810913086e-01
-7.133485078811645508e-01 -6.733458042144775391e-01
-2.920772433280944824e-01 -1.373223543167114258e+00
-7.254209518432617188e-01 -6.618825793266296387e-01
-6.881809830665588379e-01 -6.981381773948669434e-01
