-4.942263364791870117e-01 -9.417180418968200684e-01
-5.331419110298156738e-01 -8.837231993675231934e-01
-5.332803130149841309e-01 -8.835266828536987305e-01
-4.681052863597869873e-01 -9.840010404586791992e-01
-5.555887818336486816e-01 -8.526924848556518555e-01
-3.463204205036163330e-01 -1.228558659553527832e+00
-5.078535079956054688e-01 -9.207655787467956543e-01
-4.608665704727172852e-01 -9.962456822395324707e-01
-5.370759367942810059e-01 -8.781636953353881836e-01
-4.919612109661102295e-01 -9.452717304229736328e-01
-4.929716587066650391e-01 -9.436838626861572266e-01
-4.528189301490783691e-01 -1.010143518447875977e+00
-4.235625863075256348e-01 -1.063371181488037109e+00
-5.248546600341796875e-01 -8.956094980239868164e-01
-4.682218134403228760e-01 -9.838060140609741211e-01
-4.218804240226745605e-01 -1.066568613052368164e+00
-5.503120422363281250e-01 -8.598390221595764160e-01
-4.910192191600799561e-01 -9.467557668685913086e-01
-5.344552993774414062e-01 -8.818612098693847656e-01
-4.768273830413818359e-01 -9.695587754249572754e-01
-4.728850126266479492e-01 -9.760453104972839355e-01
-4.911563694477081299e-01 -9.465396404266357422e-01
-4.255847930908203125e-01 -1.059548139572143555e+00
-3.787703514099121094e-01 -1.154239892959594727e+00
-4.934075772762298584e-01 -9.430000782012939453e-01
-5.281288027763366699e-01 -8.908848166465759277e-01
-4.263983070850372314e-01 -1.058016300201416016e+00
-4.871754944324493408e-01 -9.528488516807556152e-01
-4.059008359909057617e-01 -1.097741365432739258e+00
-4.257483482360839844e-01 -1.059239864349365234e+00
-4.185387194156646729e-01 -1.072967052459716797e+00
-3.877818584442138672e-01 -1.134945392608642578e+00
-4.141209125518798828e-01 -1.081522107124328613e+00
-5.408407449722290039e-01 -8.728926777839660645e-01
-4.872030317783355713e-01 -9.528049230575561523e-01
-5.262683629989624023e-01 -8.935647010803222656e-01
-5.039525032043457031e-01 -9.266896247863769531e-01
-5.220142006874084473e-01 -8.997392058372497559e-01
-5.133831501007080078e-01 -9.124667644500732422e-01
-5.397385358810424805e-01 -8.744308352470397949e-01
-4.858443439006805420e-01 -9.549731612205505371e-01
-5.249408483505249023e-01 -8.954845070838928223e-01
-4.689548611640930176e-01 -9.825795292854309082e-01
-4.942263364791870117e-01 -9.417180418968200684e-01
-5.389320254325866699e-01 -8.755590319633483887e-01
-4.263983964920043945e-01 -1.058016300201416016e+00
-4.254691004753112793e-01 -1.059766054153442383e+00
-4.943169355392456055e-01 -9.415763616561889648e-01
-4.382770359516143799e-01 -1.036051630973815918e+00
-4.898456037044525146e-01 -9.486098289489746094e-01
-3.844906687736511230e-01 -1.141928911209106445e+00
-3.825664520263671875e-01 -1.146045446395874023e+00
-4.575775563716888428e-01 -1.001888751983642578e+00
-4.813495278358459473e-01 -9.622007608413696289e-01
-5.259616374969482422e-01 -8.940078020095825195e-01
-4.844856262207031250e-01 -9.571491479873657227e-01
-4.298819005489349365e-01 -1.051497697830200195e+00
-4.048947989940643311e-01 -1.099753856658935547e+00
-4.258012771606445312e-01 -1.059140205383300781e+00
-4.457483291625976562e-01 -1.022609949111938477e+00
-4.943681955337524414e-01 -9.414960741996765137e-01
-5.618785023689270020e-01 -8.442888855934143066e-01
-4.208840131759643555e-01 -1.068469762802124023e+00
-4.479536414146423340e-01 -1.018695354461669922e+00
-4.897639453411102295e-01 -9.487390518188476562e-01
-5.056099891662597656e-01 -9.241656064987182617e-01
-4.531817734241485596e-01 -1.009510159492492676e+00
-4.264041483402252197e-01 -1.058005332946777344e+00
-4.566899538040161133e-01 -1.003420233726501465e+00
-5.205043554306030273e-01 -9.019460082054138184e-01
-3.842799663543701172e-01 -1.142378449440002441e+00
-5.030859112739562988e-01 -9.280138015747070312e-01
-5.042777061462402344e-01 -9.261937737464904785e-01
-4.275495707988739014e-01 -1.055854678153991699e+00
-4.728651046752929688e-01 -9.760783314704895020e-01
-5.769035816192626953e-01 -8.247029185295104980e-01
-5.051481127738952637e-01 -9.248678684234619141e-01
-5.102236866950988770e-01 -9.171943068504333496e-01
-4.999884068965911865e-01 -9.327701330184936523e-01
-4.685450196266174316e-01 -9.832649230957031250e-01
-5.383833646774291992e-01 -8.763277530670166016e-01
-3.796854317188262939e-01 -1.152255535125732422e+00
-4.985594153404235840e-01 -9.349768161773681641e-01
-5.664314627647399902e-01 -8.382819294929504395e-01
-4.250739216804504395e-01 -1.060511827468872070e+00
-4.256432056427001953e-01 -1.059437990188598633e+00
-5.064210295677185059e-01 -9.229342937469482422e-01
-5.537593960762023926e-01 -8.551601171493530273e-01
-5.228214859962463379e-01 -8.985624313354492188e-01
-4.263969957828521729e-01 -1.058018922805786133e+00
-4.050215482711791992e-01 -1.099499940872192383e+00
-4.691405594348907471e-01 -9.822694063186645508e-01
-4.267588257789611816e-01 -1.057338714599609375e+00
-4.681226015090942383e-01 -9.839721322059631348e-01
-4.439488649368286133e-01 -1.025821685791015625e+00
-3.834608197212219238e-01 -1.144129037857055664e+00
-4.844581484794616699e-01 -9.571932554244995117e-01
-5.330327153205871582e-01 -8.838781118392944336e-01
-5.116615891456604004e-01 -9.150380492210388184e-01
-5.055891275405883789e-01 -9.241973161697387695e-01
-4.267589747905731201e-01 -1.057338476181030273e+00
-3.661487698554992676e-01 -1.182209968566894531e+00
-4.691404998302459717e-01 -9.822695255279541016e-01
-4.263969957828521729e-01 -1.058018922805786133e+00
-4.824249148368835449e-01 -9.604640007019042969e-01
-4.565134942531585693e-01 -1.003725290298461914e+00
-3.807666599750518799e-01 -1.149918198585510254e+00
-4.681550264358520508e-01 -9.839180111885070801e-01
-3.637608587741851807e-01 -1.187631726264953613e+00
-3.883861601352691650e-01 -1.133670806884765625e+00
-5.677043199539184570e-01 -8.366139531135559082e-01
-5.118079781532287598e-01 -9.148192405700683594e-01
-5.209422707557678223e-01 -9.013051986694335938e-01
-5.051143765449523926e-01 -9.249192476272583008e-01
-5.504048466682434082e-01 -8.597126007080078125e-01
-5.737937688827514648e-01 -8.287013173103332520e-01
-4.297579526901245117e-01 -1.051728487014770508e+00
-4.264041483402252197e-01 -1.058005213737487793e+00
-4.283676445484161377e-01 -1.054323077201843262e+00
-5.251342058181762695e-01 -8.952044844627380371e-01
-3.809013664722442627e-01 -1.149627685546875000e+00
-4.496744573116302490e-01 -1.015657544136047363e+00
-4.973114132881164551e-01 -9.369107484817504883e-01
-5.555543899536132812e-01 -8.527388572692871094e-01
-4.691404998302459717e-01 -9.822695255279541016e-01
-4.371207058429718018e-01 -1.038157463073730469e+00
-4.276914894580841064e-01 -1.055588960647583008e+00
-5.118461251258850098e-01 -9.147619009017944336e-01
-5.032120347023010254e-01 -9.278209805488586426e-01
-5.664659738540649414e-01 -8.382366895675659180e-01
-4.835354983806610107e-01 -9.586752653121948242e-01
-5.659856200218200684e-01 -8.388673067092895508e-01
-4.553588330745697021e-01 -1.005724072456359863e+00
-4.254691898822784424e-01 -1.059766173362731934e+00
-5.632959008216857910e-01 -8.424120545387268066e-01
-4.562485516071319580e-01 -1.004183411598205566e+00
-4.189027547836303711e-01 -1.072266936302185059e+00
-5.249171853065490723e-01 -8.955188393592834473e-01
-5.616874694824218750e-01 -8.445421457290649414e-01
-4.891974329948425293e-01 -9.496361613273620605e-01
-5.645480751991271973e-01 -8.407590985298156738e-01
-4.710060656070709229e-01 -9.791607856750488281e-01
-5.565646886825561523e-01 -8.513804078102111816e-01
-5.689642429351806641e-01 -8.349677324295043945e-01
-5.055871009826660156e-01 -9.242002964019775391e-01
-5.056223273277282715e-01 -9.241467714309692383e-01
-5.260705947875976562e-01 -8.938505649566650391e-01
-5.118079781532287598e-01 -9.148192405700683594e-01
-4.382719695568084717e-01 -1.036061048507690430e+00
-5.412427186965942383e-01 -8.723324537277221680e-01
-5.351780652999877930e-01 -8.808391094207763672e-01
-4.245868921279907227e-01 -1.061431884765625000e+00
-5.118461251258850098e-01 -9.147619009017944336e-01
-5.345602035522460938e-01 -8.817128539085388184e-01
-5.190155506134033203e-01 -9.041302800178527832e-01
-5.439394116401672363e-01 -8.685894608497619629e-01
-4.578674435615539551e-01 -1.001389265060424805e+00
-4.545240998268127441e-01 -1.007173061370849609e+00
-4.578671455383300781e-01 -1.001389980316162109e+00
-5.025784969329833984e-01 -9.287903308868408203e-01
-3.844906687736511230e-01 -1.141928911209106445e+00
-3.859380483627319336e-01 -1.138849139213562012e+00
-4.254691898822784424e-01 -1.059766173362731934e+00
-4.218392968177795410e-01 -1.066646933555603027e+00
-4.691762030124664307e-01 -9.822096824645996094e-01
-4.266496002674102783e-01 -1.057543873786926270e+00
-4.236695170402526855e-01 -1.063168644905090332e+00
-5.688990950584411621e-01 -8.350526094436645508e-01
-5.211254954338073730e-01 -9.010372757911682129e-01
-4.831540286540985107e-01 -9.592890739440917969e-01
-3.895634114742279053e-01 -1.131195068359375000e+00
-5.366927385330200195e-01 -8.787029981613159180e-01
-4.278335869312286377e-01 -1.055322647094726562e+00
-4.243781566619873047e-01 -1.061826467514038086e+00
-4.381679892539978027e-01 -1.036250114440917969e+00
-5.504048466682434082e-01 -8.597126007080078125e-01
-4.357465207576751709e-01 -1.040668845176696777e+00
-5.230599045753479004e-01 -8.982155323028564453e-01
-4.377796351909637451e-01 -1.036956787109375000e+00
-3.633309900760650635e-01 -1.188612103462219238e+00
-5.539452433586120605e-01 -8.549088835716247559e-01
-5.214484333992004395e-01 -9.005650877952575684e-01
-4.236858785152435303e-01 -1.063137412071228027e+00
-4.234842061996459961e-01 -1.063519954681396484e+00
-5.205824971199035645e-01 -9.018316268920898438e-01
-5.440047979354858398e-01 -8.684990406036376953e-01
-4.514200091361999512e-01 -1.012590646743774414e+00
-4.985903501510620117e-01 -9.349289536476135254e-01
